衰减序列预置名	序列重置时间	元素含量衰减序列	破霸体值衰减序列	伤害衰减序列
default	2.5	1,0,0,1,0,0,1,0,0,1,0,0,1,0,0,1,0,0,1,0,0,1,0,0	1,1,1,1,1,1,1,1,1,1,1,1,1,1	1,1,1,1,1,1,1,1,1,1,1,1,1,1,1
Ambor	1	1,0,0,1,0,0,1,0,0,1,0,0,1,0,0,1,0,0,1,0,0,1,0,0	1,1,1,1,1,1,1,1,1,1,1,1,1,1	1,1,1,1,1,1,1,1,1,1,1,1,1,1,1
Venti	1	1,0,0,1,0,0,1,0,0,1,0,0,1,0,0,1,0,0,1,0,0,1,0,0	1,1,1,1,1,1,1,1,1,1,1,1,1,1	1,1,1,1,1,1,1,1,1,1,1,1,1,1,1
Fischl	5	1,0,0,0,1,0,0,0,1,0,0,0,1,0,0,0,1,0,0,0,1,0,0,0,1,0,0,0,1,0,0,0	1,1,1,1,1,1,1,1,1,1,1,1,1,1	1,1,1,1,1,1,1,1,1,1,1,1,1,1,1
Diluc	5	1,0,0,0,0,1,0,0,0,0,1,0,0,0,0,1,0,0,0,0,1,0,0,0,0,1,0,0,0,0	1,1,1,1,1,1,1,1,1,1,1,1,1,1	1,1,1,1,1,1,1,1,1,1,1,1,1,1,1
Hutao_ExtraAttack	0.8	1,0,0,1,0,0,1,0,0,1,0,0,1,0,0,1,0,0,1,0,0,1,0,0	1,1,1,1,1,1,1,1,1,1,1,1,1,1	1,0,0,1,0,0,1,0,0,1,0,0,1,0,0
Skirmisher_Fat_SprayGun_Ice	1	1,1,1,1,1,1	1,1,1,1,1,1	1,0.5,0.25,0.1,0.1,0.1
Mimik_Common	0.5	1,0,0,0,0,0	1,1,1,1,1,1	1,0,0,0,0,0
Regisvine_Common	0.5	1,0,0,0,0,0	1,1,1,1,1,1	1,0,0,0,0,0
ElementReaction_Damage_Attenuation_1	0.5	1,1,1,1,1,1,1,1,1,1	1,1,1,1,1,1,1,1,1,1	1,1,0,0,0,0,0,0,0,0
ElementReaction_Damage_Attenuation_2	0.5	1,1,1,1,1,1,1,1,1,1	1,1,1,1,1,1,1,1,1,1	1,0,0,0,0,0,0,0,0,0
Oceanid_Crab_WaterStream	1	1,1,1,1,0.1,0.1	1,1,1,1,0.1,0.1	1,0.25,0.1,0.1,0.1,0.1
Animal_Boar_03_RushAttack	2	1,0,0,0,0,0	1,0,0,0,0,0	1,0,0,0,0,0
Abyss_Fire_FireEnergy_Attenuation	0.5	1,1,1,1,1,1	1,1,1,1,1,1	1,0.5,0.25,0,0,0
Avatar_Pole_ExtraAttack	0.5	1,0,0,0,0,0,0,0,0,0,0,0,0,0,0,0,0,0,0,0,0,0,0,0	1,1,1,1,1,1,1,1,1,1,1,1,1,1	1,0,0,0,0,0,0,0,0,0,0,0,0,0,0
Monster_Tartaglia_Attenuation_1	1	1,0,0,0,0,0	1,0,0,0,0,0	1,0,0,0,0,0
Ayaka_ExtraAttack	0.5	1,0,0,0,0,0,0,0,0,0,0,0,0,0,0,0,0,0,0,0,0,0,0,0,0,0,0	1,1,1,1,1,1,1,1,1,1,1,1,1,1,1,1,1,1,1,1,1,1,1,1,1,1,1,1	1,1,1,0,0,0,0,0,0,0,0,0,0,0,0,0,0,0,0,0,0,0,0,0,0,0,0
Monster_Konungmathr_Attenuation_1	0.4	1,0,0,0,0,0	1,0,0,0,0,0	1,0,0,0,0,0
Monster_Konungmathr_Attenuation_2	0.4	1,0,0,0,0,0	1,0,0,0,0,0	1,0,0,0,0,0
Monster_Effigy_Elite_Rock_StoneBall	1	1,1,1,1,1,1,1,1,1	1,0,0,1,0,0,1,0,0	1,0.7,0.5,0.2,0.1,0.1,0.1,0.1,0.1
Xiao_DevilDash	0.1	1,0,0,0,0,0,0	1,0,0,0,0,0,0	1,0,0,0,0,0,0
Monster_Primo_Attenuation_Breathe	0.5	1,0,0,0,0,0	1,1,1,1,1,1	1,0.5,0.25,0,0,0
Monster_Primo_Attenuation_ScaleGadget	0.5	1,0,0,0,0,0	1,0,0,0,0,0	1,0,0,0,0,0
MonsterAffix_GeneralSkill_IceDamage_Prison	1	1,1,1,1,1,1	1,1,1,1,1,1	1,0,0,0,0,0
Monster_Invoker_Deacon_Attenuation_1	0.5	1,0.5,0.25,0,0,0	1,1,1,1,1,1	1,0.5,0.25,0,0,0
Monster_Invoker_Deacon_Attenuation_2	1	1,0.5,0.25,0,0,0	1,1,1,1,1,1	1,0.5,0.25,0,0,0
Monster_Invoker_Herald_Attenuation_1	1	1,0,1,0,1,0	1,0,1,0,1,0	1,0.5,0.25,0.25,0.25,0.25
Effigy_Ice_Attenuation_1	0.5	1,0,0,0,0,0	1,1,1,1,1,1	1,0,0,0,0,0
Effigy_Ice_Attenuation_2	1	1,1,1,0,0,0	1,1,1,1,1,1	1,1,1,0,0,0
Effigy_Fire_DiveCrush	4	1,1,1,1	1,1,1,1	1,0.5,0.2,0.1
Effigy_Fire_MultiFire	2	1,1,1,1,1,1,1,1,1	1,1,1,1,1,1,1,1,1	1,0.5,0.2,0.1,0.1,0.1,0.1,0.1,0.1
Effigy_Fire_RollingCharge	0.5	1,0,0,0,0,0	1,1,1,1,1,1	1,0,0,0,0,0
Monster_Dahaka_Breath	1	1,1,1,1,1	1,1,1,1,1	1,0.5,0.25,0.1,0.1
Monster_Brute_Electric_None	1	1,1,1,1,1,1,1	1,1,1,0,0,0,0	1,0,0,0,0,0,0
SceneObj_ThunderFloor	5	1,0,0,0,0,0,0,0,1,0,0,0,0,0,0,0	1,1,1,1,1	1,1,1,1,1
Monster_Shougun_ElectricEye	1	1,1,1	1,1,1	1,0.25,0.1
Monster_Abyss_Electric_ElectricCircle	1	1,1,1,1,1,1,1,1,1,1	1,0,0,0,0,1,0,0,0,0	1,0,0,0,0,1,0,0,0,0
Monster_Effigy_Water_SurgeStrike	1	1,1,1,1	1,1,1,1	1,0.5,0.25,0.1
Monster_LaSignora_Attenuation_Impulse	1	1,0,0,0,0,0	1,0,0,0,0,0	1,0,0,0,0,0
Shenhe_ElementalArt_L_Bullet	0.1	1,0,0,0,0,0,0	1,0,0,0,0,0,0	1,0,0,0,0,0,0
Monster_ForlornVessel_Lance_ChargeAtk	0.5	1,0,0,1,0,0,1,0,0	1,0,0,1,0,0,1,0,0	1,0,0,1,0,0,1,0,0
Yae_ExtraAttack	0.5	1,0,0,0,0,0,0	1,0,0,0,0,0,0	1,0,0,0,0,0,0
Monster_ForlornVessel_Warbanner_NormalAtk	0.1	1,0,0,0,0,0	1,0,0,0,0,0	1,0,0,0,0,0
Monster_ForlornVessel_Chargebow_NormalAtk	0.5	1,0,0,0,0,0	1,0,0,0,0,0	1,0,0,0,0,0
Monster_Darkwraith_Strong_Wind_ChainAtk02	0.5	1,0.2,0,0,0,0	1,0.4,0.1,0,0,0	1,0.4,0.1,0,0,0
Yelan_ExtraAttack	0.3	1,0,0,0	1,0,0,0	1,0,0,0
Yelan_ElementalBurst	2	1,0,0,1,0,0,1,0,0,1,0,0,1,0,0,1,0,0,1,0,0,1,0,0	1,1,1,1,1,1,1,1,1,1,1,1,1,1	1,1,1,1,1,1,1,1,1,1,1,1,1,1,1
Fafnir_Air_ChargeAtk	0.3	1,0.5,0.2,0	1,0.5,0.2,0	1,0.5,0.2,0
Fafnir_ElementAtk	0.5	1,0.3,0.1,0.1,0.1,0.1,0.1	1,0.3,0.1,0.1,0.1,0.1,0.1	1,0.3,0.1,0.1,0.1,0.1,0.1
Fafnir_Air_ChestAtk	2	1,0.3,0.1,0.1,0.1,0.1,0.1	1,0.3,0.1,0.1,0.1,0.1,0.1	1,0.3,0.1,0.1,0.1,0.1,0.1,0.01,0.01,0.01,0.01,0.01,0.01,0.01,0.01,0.01,0.01,0.01,0.01,0.01,0.01,0.01,0.01,0.01,0.01,0.01,0.01
Fafnir_Air_WingAtk	0.5	1,0,0,0,0,0,0,0,0,0,0,0	1,0,0,0,0,0,0,0,0,0,0,0	1,0,0,0,0,0,0,0,0,0,0,0
Gargoyle_Airborne_Normalatk	0.5	1,0,0,0,0,0	1,0,0,0,0,0	1,0,0,0,0,0
Gargoyle_Ground_ChargeAtk	0.3	1,0.5,0.2,0	1,0.5,0.2,0	1,0.5,0.2,0
Gargoyle_ElementAtk	0.5	1,0.3,0.1,0.1,0.1,0.1,0.1	1,0.3,0.1,0.1,0.1,0.1,0.1	1,0.3,0.1,0.1,0.1,0.1,0.1
Airborne_ChestAtk	0.3	1,0.3,0.1,0.1,0.1,0.1,0.1	1,0.3,0.1,0.1,0.1,0.1,0.1	1,0.3,0.1,0.1,0.1,0.1,0.1
Collei_Boomerang_Go	5	1,0,0,0,0,0,0,0,0,0,0	1,0,0,0,0,0,0,0,0,0,0	1,0,0,0,0,0,0,0,0,0,0
Collei_Boomerang_Back	5	1,0,0,0,0,0,0,0,0,0,0	1,0,0,0,0,0,0,0,0,0,0	1,0,0,0,0,0,0,0,0,0,0
Fungus_Trois_Atk	0.5	1,0,0,0,0,0,0,0,0,0,0,0	1,0,0,0,0,0,0,0,0,0,0,0	1,0,0,0,0,0,0,0,0,0,0,0
DendroTornado_Atk	2	1,0,0,0,0,0,0,0,0,0,0,0	1,0,0,0,0,0,0,0,0,0,0,0	1,0.1,0.1,0.1,0.1,0.1,0.1,0.1,0.1
Tighnari	2.5	1,0,0,0,1,0,0,0,1,0,0,0,	1,1,1,1,1,1,1,1,1,1,1,1	1,1,1,1,1,1,1,1,1,1,1,1
Collei_Elemental_Burst	3	1,0,0,0,0,0,0,0,0,0,0,0,	1,1,1,1,1,1,1,1,1,1,1,1	1,1,1,1,1,1,1,1,1,1,1,1
Dori_Elemental_Burst	3	1,0,0,0,0,0,0,0,0,0,0,0	1,1,1,1,1,1,1,1,1,1,1,1	1,1,1,1,1,1,1,1,1,1,1,1
Monster_Nada_EnergyFire_Bullet	2	1,0,0,0	1,0.5,0.25,0.1	1,0.5,0.25,0.1
Monster_Nada_EnergySpray	2	1,0,0,0	1,0.5,0.25,0.1	1,0.5,0.25,0.1
Nilou_Sustained_Water	1.9	1,0,0,0,1,0,0,0,1,0,0,0	1,1,1,1,1,1,1,1,1,1,1,1	1,1,1,1,1,1,1,1,1,1,1,1
Monster_Nada_Tile_Ice	3	1,0,0,0,0,0	1,1,1,1,1,1	1,1,1,1,1,1
Monster_Nada_Tile_Fire	3	1,0,0,0,0,0	1,1,1,1,1,1	1,1,1,1,1,1
Cyno_ElementalArt	2.5	1,1,1,1,1,1,1,1,1,1,1,1,1,1	1,1,1,1,1,1,1,1,1,1,1,1,1,1	1,1,1,1,1,1,1,1,1,1,1,1,1,1,1
Cyno_ElementalArt_Bullet	0.2	1,0,0,0,0,0,0	1,0,0,0,0,0,0	1,0,0,0,0,0,0
Cyno_ElementalArt_Blade	2.5	1,0,0,0,0,0,0,0,0,0,0	1,1,1,0,0,0,0,0,0,0,0	1,1,1,0,0,0,0,0,0,0,0
Cyno_Constellation_6	2.5	1,0,0,1,0,0,1,0,0,1,0,0,1,0,0,1,0,0,1,0,0,1,0,0	1,1,1,1,1,1,1,1,1,1,1,1,1,1	1,1,1,1,1,1,1,1,1,1,1,1,1,1,1
Fungus_Amanita_Du_Anudatta_ShootBullet	3	1,1,1,1,1,1,1	1,1,1,1,1,1,1	1,0.5,0.5,0.1,0.1,0,0
Effigy_Fire_BurningGround_Elite	2	1,0,1,0,1,0	1,1,1,1,1,1	1,0.5,0.3,0.2,0,0
Eremite_Longbow_DropAttack_Wind	1	1,0,0,0,0,0	1,0,0,0,0,0	1,0,0,0,0,0
Eremite_Katar_RockBomb_Rock	1	1,1,1,1,1,1,1	1,1,1,0,0,0,0	1,0.5,0.2,0.2,0.2,0.2,0
ElementReaction_Burning_Attenuation	2	1,0,0,0,0,0,0,0	1,1,1,1,1,1,1,1,1,1,1,1	1,1,1,1,1,1,1,1,0,0,0,0,0,0
Monster_Fungus_Raptor_ChargeAttack	3	1,1,1,1,1,1,1,1	1,0.4,0.1,0.1,0.1,0.1,0,0	1,0.4,0.1,0.1,0.1,0.1,0,0
Monster_Fungus_Raptor_ShootAttack	1	1,1,1,1,1	1,1,1,1,1,1	1,0.5,0.5,0.1,0.1
Monster_Fungus_Raptor_PowerAttack	1	1,1,1,1,1,1,1,1,1,1	1,1,1,1,1,1,1,1,1,1	1,0.5,0.1,0.1,0.1,0.01,0.01,0.01,0.01,0.01
Monster_Fungus_Raptor_ConfuseMeleeAttack	6	1,1,1,1	1,1,1,1	1,0.5,0.5,0.5
FungusFight_General	5	1,0,1,0,1,0,1,0,1,0,1,0,1,0,1,0	1,1,1,1,1,1,1,1,1,1	1,1,1,1,1,1,1,1,1,1
FungusFight_Trois_FireRing	4	1,0,0,0,0,0,0,0,0,0,0,0,0,0,0,0,0,0,0,0	1,1,1,1,1,1,1,1,1,1	1,1,1,1,1,1,1,1,1,1
Monster_Gadget_Attenuation_01	0.5	1,0,0,0,0,0,0,0,0,0,0,0,0,0,0,0,0	1,0,0,0,0,0,0,0,0,0,0,0,0,0,0,0,0	1,0,0,0,0,0,0,0,0,0,0,0,0,0,0,0,0
Effigy_Ice_RangeAtk	4	1,1,1,1,1,1,1,1,1,1,1,1,1,1,1,1,1,1,1,1,1,1,1,1	1,1,1,1,1,1,1,1,1,1,1,1,1,1,1,1,1,1,1,1,1,1,1,1	1,1,1,0.4,0.4,0.4,0.4,0.4,0.4,0.05,0.05,0.05,0.05,0.05,0.05,0.05,0.05,0.05,0.05,0.05,0.05,0.05,0.05,0.05
Effigy_Fire_Elite_MultiAtk1	2	1,0,1,0,1,0	1,0,1,0,1,0	1,0,1,0,1,0
Layla_ElementalArt_Bullet	3	1,0,0,0,0,0,0,1,0,0,0,0	1,1,1,1,1,1,1,1,1,1,1,1	1,1,1,1,1,1,1,1,1,1,1,1
Nahida_Chain_Normal	1	1.5,0,0,0,0,0,0,0,0,0,0	1,1,1,1,1,1,1,1,1,1,1,1,1,1,1,1,1,1,1,1,1	1,1,1,1,1,1,1,1,1,1,1,1,1,1,1,1,1,1,1,1,1
Nahida_Chain_Constellation	2.5	1,0,0,1,0,0,1,0,0,1,0,0	1,1,1,1,1,1,1,1,1,1,1,1	1,1,1,1,1,1,1,1,1,1,1,1
Monster_Nada_LaserArray	1.6	1,0,0	1,0.5,0.25,	1,0.5,0.25
Barbara_WetShield	2.5	1,0,0,1,0,0,0,0,0,0,0,0,0,0,0,0,0,0,0,0,0,0,0,0	1,1,1,1,1,1,1,1,1,1,1,1,1,1	1,1,1,1,1,1,1,1,1,1,1,1,1,1,1
