等级	[曲线]1类型	[曲线]1运算	[曲线]1值	[曲线]2类型	[曲线]2运算	[曲线]2值	[曲线]3类型	[曲线]3运算	[曲线]3值	[曲线]4类型	[曲线]4运算	[曲线]4值
1	22	2	1	32	2	1	21	2	1	31	2	1
2	22	2	1.083	32	2	1.083	21	2	1.083	31	2	1.083
3	22	2	1.165	32	2	1.165	21	2	1.166	31	2	1.166
4	22	2	1.248	32	2	1.248	21	2	1.25	31	2	1.25
5	22	2	1.33	32	2	1.33	21	2	1.333	31	2	1.333
6	22	2	1.413	32	2	1.413	21	2	1.417	31	2	1.417
7	22	2	1.495	32	2	1.495	21	2	1.5	31	2	1.5
8	22	2	1.578	32	2	1.578	21	2	1.584	31	2	1.584
9	22	2	1.661	32	2	1.661	21	2	1.668	31	2	1.668
10	22	2	1.743	32	2	1.743	21	2	1.751	31	2	1.751
11	22	2	1.826	32	2	1.826	21	2	1.835	31	2	1.835
12	22	2	1.908	32	2	1.908	21	2	1.919	31	2	1.919
13	22	2	1.991	32	2	1.991	21	2	2.003	31	2	2.003
14	22	2	2.073	32	2	2.073	21	2	2.088	31	2	2.088
15	22	2	2.156	32	2	2.156	21	2	2.172	31	2	2.172
16	22	2	2.239	32	2	2.239	21	2	2.256	31	2	2.256
17	22	2	2.321	32	2	2.321	21	2	2.341	31	2	2.341
18	22	2	2.404	32	2	2.404	21	2	2.425	31	2	2.425
19	22	2	2.486	32	2	2.486	21	2	2.51	31	2	2.51
20	22	2	2.569	32	2	2.569	21	2	2.594	31	2	2.594
21	22	2	2.651	32	2	2.651	21	2	2.679	31	2	2.679
22	22	2	2.734	32	2	2.734	21	2	2.764	31	2	2.764
23	22	2	2.817	32	2	2.817	21	2	2.849	31	2	2.849
24	22	2	2.899	32	2	2.899	21	2	2.934	31	2	2.934
25	22	2	2.982	32	2	2.982	21	2	3.019	31	2	3.019
26	22	2	3.064	32	2	3.064	21	2	3.105	31	2	3.105
27	22	2	3.147	32	2	3.147	21	2	3.19	31	2	3.19
28	22	2	3.229	32	2	3.229	21	2	3.275	31	2	3.275
29	22	2	3.312	32	2	3.312	21	2	3.361	31	2	3.361
30	22	2	3.394	32	2	3.394	21	2	3.446	31	2	3.446
31	22	2	3.477	32	2	3.477	21	2	3.532	31	2	3.532
32	22	2	3.56	32	2	3.56	21	2	3.618	31	2	3.618
33	22	2	3.642	32	2	3.642	21	2	3.704	31	2	3.704
34	22	2	3.725	32	2	3.725	21	2	3.789	31	2	3.789
35	22	2	3.807	32	2	3.807	21	2	3.875	31	2	3.875
36	22	2	3.89	32	2	3.89	21	2	3.962	31	2	3.962
37	22	2	3.972	32	2	3.972	21	2	4.048	31	2	4.048
38	22	2	4.055	32	2	4.055	21	2	4.134	31	2	4.134
39	22	2	4.138	32	2	4.138	21	2	4.22	31	2	4.22
40	22	2	4.22	32	2	4.22	21	2	4.307	31	2	4.307
41	22	2	4.303	32	2	4.303	21	2	4.393	31	2	4.393
42	22	2	4.385	32	2	4.385	21	2	4.48	31	2	4.48
43	22	2	4.468	32	2	4.468	21	2	4.567	31	2	4.567
44	22	2	4.55	32	2	4.55	21	2	4.653	31	2	4.653
45	22	2	4.633	32	2	4.633	21	2	4.74	31	2	4.74
46	22	2	4.716	32	2	4.716	21	2	4.827	31	2	4.827
47	22	2	4.798	32	2	4.798	21	2	4.914	31	2	4.914
48	22	2	4.881	32	2	4.881	21	2	5.001	31	2	5.001
49	22	2	4.963	32	2	4.963	21	2	5.089	31	2	5.089
50	22	2	5.046	32	2	5.046	21	2	5.176	31	2	5.176
51	22	2	5.128	32	2	5.128	21	2	5.263	31	2	5.263
52	22	2	5.211	32	2	5.211	21	2	5.351	31	2	5.351
53	22	2	5.294	32	2	5.294	21	2	5.438	31	2	5.438
54	22	2	5.376	32	2	5.376	21	2	5.526	31	2	5.526
55	22	2	5.459	32	2	5.459	21	2	5.614	31	2	5.614
56	22	2	5.541	32	2	5.541	21	2	5.702	31	2	5.702
57	22	2	5.624	32	2	5.624	21	2	5.79	31	2	5.79
58	22	2	5.706	32	2	5.706	21	2	5.878	31	2	5.878
59	22	2	5.789	32	2	5.789	21	2	5.966	31	2	5.966
60	22	2	5.872	32	2	5.872	21	2	6.054	31	2	6.054
61	22	2	5.954	32	2	5.954	21	2	6.142	31	2	6.142
62	22	2	6.037	32	2	6.037	21	2	6.23	31	2	6.23
63	22	2	6.119	32	2	6.119	21	2	6.319	31	2	6.319
64	22	2	6.202	32	2	6.202	21	2	6.407	31	2	6.407
65	22	2	6.284	32	2	6.284	21	2	6.496	31	2	6.496
66	22	2	6.367	32	2	6.367	21	2	6.585	31	2	6.585
67	22	2	6.45	32	2	6.45	21	2	6.673	31	2	6.673
68	22	2	6.532	32	2	6.532	21	2	6.762	31	2	6.762
69	22	2	6.615	32	2	6.615	21	2	6.851	31	2	6.851
70	22	2	6.697	32	2	6.697	21	2	6.94	31	2	6.94
71	22	2	6.78	32	2	6.78	21	2	7.029	31	2	7.029
72	22	2	6.862	32	2	6.862	21	2	7.119	31	2	7.119
73	22	2	6.945	32	2	6.945	21	2	7.208	31	2	7.208
74	22	2	7.028	32	2	7.028	21	2	7.297	31	2	7.297
75	22	2	7.11	32	2	7.11	21	2	7.387	31	2	7.387
76	22	2	7.193	32	2	7.193	21	2	7.476	31	2	7.476
77	22	2	7.275	32	2	7.275	21	2	7.566	31	2	7.566
78	22	2	7.358	32	2	7.358	21	2	7.656	31	2	7.656
79	22	2	7.44	32	2	7.44	21	2	7.746	31	2	7.746
80	22	2	7.523	32	2	7.523	21	2	7.836	31	2	7.836
81	22	2	7.606	32	2	7.606	21	2	7.926	31	2	7.926
82	22	2	7.688	32	2	7.688	21	2	8.016	31	2	8.016
83	22	2	7.771	32	2	7.771	21	2	8.106	31	2	8.106
84	22	2	7.853	32	2	7.853	21	2	8.196	31	2	8.196
85	22	2	7.936	32	2	7.936	21	2	8.286	31	2	8.286
86	22	2	8.018	32	2	8.018	21	2	8.377	31	2	8.377
87	22	2	8.101	32	2	8.101	21	2	8.467	31	2	8.467
88	22	2	8.183	32	2	8.183	21	2	8.558	31	2	8.558
89	22	2	8.266	32	2	8.266	21	2	8.649	31	2	8.649
90	22	2	8.349	32	2	8.349	21	2	8.739	31	2	8.739
91	22	2	8.431	32	2	8.431	21	2	8.83	31	2	8.83
92	22	2	8.514	32	2	8.514	21	2	8.921	31	2	8.921
93	22	2	8.596	32	2	8.596	21	2	9.012	31	2	9.012
94	22	2	8.679	32	2	8.679	21	2	9.103	31	2	9.103
95	22	2	8.761	32	2	8.761	21	2	9.195	31	2	9.195
96	22	2	8.844	32	2	8.844	21	2	9.286	31	2	9.286
97	22	2	8.927	32	2	8.927	21	2	9.377	31	2	9.377
98	22	2	9.009	32	2	9.009	21	2	9.469	31	2	9.469
99	22	2	9.092	32	2	9.092	21	2	9.56	31	2	9.56
100	22	2	9.174	32	2	9.174	21	2	9.652	31	2	9.652
