常量名	常量值1	常量值2	常量值3	常量值4	常量值5	常量值6
241	10	500	3			
243	100	100	100	0		
244	2					
255	200					
256	6000	9900	10000			
257	30					
258	1	14400	107013			
259	77015005	360000	14400	446400		
265	3600	3600				
262	7165404					
300	10	10				
301	300	100				
350	6000	9900	10000			
351	2000	3700	4000			
302	100					
303	120	480				
245	0					
246	1					
247	20					
248	1.3					
249	2.6					
250	90					
251	5					
252	1					
280	1					
413	1.5					
304	220033					
352	5	15	1			
283	8					
354	20					
355	20					
356	150	100	1;2;4;5;6;7;10;11;14	30		
447	10	5	8			
305	2					
306	0.9					
307	5	10	1	3		
308	2					
309	15					
310	100					
