ID	城市ID	事件组id	事件tag1值	事件tag2值	事件权重	事件类型	事件稀有度	事件接取任务	事件对应旧group	事件对应新group	组合关系	[满足条件]1类型	[满足条件]1参数1	[满足条件]1参数2	[满足条件]1参数3	[满足条件]2类型	[满足条件]2参数1	[满足条件]2参数2	[满足条件]2参数3	[满足条件]3类型	[满足条件]3参数1	[满足条件]3参数2	[满足条件]3参数3	完成条件类型	完成条件参数1	完成条件参数2	完成进度	[完成执行]1条件类型	[完成执行]1条件参数1	[完成执行]1条件参数2	[完成执行]1条件参数3	[完成执行]1类型	[完成执行]1参数1	[完成执行]1参数2	[完成执行]1参数3	[完成执行]2条件类型	[完成执行]2条件参数1	[完成执行]2条件参数2	[完成执行]2条件参数3	[完成执行]2类型	[完成执行]2参数1	[完成执行]2参数2	[完成执行]2参数3	[完成执行]3条件类型	[完成执行]3条件参数1	[完成执行]3条件参数2	[完成执行]3条件参数3	[完成执行]3类型	[完成执行]3参数1	[完成执行]3参数2	[完成执行]3参数3	事件奖励索引	任务型周期刷新次数	关联tag值
10100	1	1001	0	0	80	1	2		133003170	133003474														5			8																									2		
10101	1	1001	1006	0	80	1	2		133003136	133003477														5			8																									2		
10102	1	1001	1002	0	80	1	2		133001034	133001306														5			8																									2		
10103	1	1001	1002	0	80	1	2		133001158	133001307														5			8																									2		
10104	1	1001	0	0	80	1	2			133002267														5			8																									2		
10106	1	1001	0	0	80	1	2			133002318														5			6																									2		
10107	1	1001	0	0	80	1	2		133003096	133003503														5			5																									2		
10200	1	1002	0	0	80	1	2		133003102,133003291,133003295,133003297,133003298,133003296,133003314	133003478														5			5																									2		
10201	1	1002	1011	0	80	1	2		133003124,133003129	133003479														5			5																									2		
10202	1	1002	0	0	80	1	2		133001357	133001309		2	18											5			5																									2		
10203	1	1002	1008	0	80	1	2		133004243,133004244	133004263		1	39602											5			5																									2		
10204	1	1002	1007	0	80	1	2		133004101,133004102,133004103	133004264														5			5																									2		
10205	1	1002	0	0	80	1	2		133007019,133007152,133007039,133007079,133007058	133007231		1	39602											5			5																									2		
10206	1	1002	1001	0	80	1	2		133002224,133002223,133002231,133002235	133002268														5			5																									2		
10500	1	1002	0	0	80	1	2		133004129,133004126,133004084,133004130,133004127,133004101	133004253														5			1																									2		
10502	1	1002	0	0	80	1	2			133001295		2	60											5			1																									2		
10503	1	1002	0	0	80	1	2		133001089,133001108	133001296		1	41803											5			1																									2		
10504	1	1002	0	0	80	1	2		133001090	133001297		1	41803											5			1																									2		
10505	1	1002	0	0	80	1	2			133007226		1	39602											5			1																									2		
10506	1	1002	1008	0	80	1	2			133004254		1	39602											5			1																									2		
10507	1	1002	0	0	80	1	2		133003095	133003467														5			1																									2		
10300	1	1003	0	0	70	1	2		133001232,133001216,133001217,133001223	133001291														2	70300101		2																									2		
10301	1	1003	0	0	80	1	2		133003001,133003378,133003367,133003005,133003358,133003399,133003438	133003455														2	70300101		2																									2		
10302	1	1003	0	0	80	1	2			133001308														2	70300101		2																									2		
10303	1	1003	0	0	80	1	2		133001234,133001235,133001211,133001210,133001067	133001310														2	70300101		2																									2		
10304	1	1003	0	0	80	1	2		133001142,133001247,133001263,133001200,133001144,133001143	133001311														2	70300101		2																									2		
10305	1	1003	0	0	70	1	2		133004120,133004076,133004065,133004125	133004250		1	45406											2	70300101		2																									2		
10306	1	1003	0	0	80	1	2		133007211,133007212	133007232		1	38803											2	70300101		2																									2		
10400	1	1003	1002	0	50	1	2		133001160,133001280,133001258,133001144,133001145,133001281,133001263,133001069	133001304														5			10																									2		
10401	1	1003	1011	0	80	1	2		133003092,133003154,133003285	133003480														5			8																									2		
10402	1	1003	1003	0	80	1	2		133002085,133002084	133002269														5			8																									2		
10403	1	1003	1007	0	80	1	2		133002232,133002237	133002270														5			8																									2		
10404	1	1003	0	0	80	1	2		133004242,133004193,133004043,133004240	133004265		2	15											5			8																									2		
10405	1	1003	10102	0	0	1	2		133003324,133003269,133003222,133003221,133003337,133003218	133003481														5			8																									2		
10700	1	1003	1002	0	30	1	2		133001034,133001158,133001371,133001160,133001145,133001404	133001379		8	25											8	203	133001379	1																									2		
10701	1	1003	10102	0	30	1	2		133003322,133003318,133003269,133003272,133003214,133003212,133003211	133003521		8	25			1	1012009							8	203	133003521	1																									2		
10702	1	1003	10102	0	30	1	2		133003530,133003315,133003596,133003533,133003217,133003593,133003221	133003597		8	25											8	203	133003597	1																									2		
10800	1	1002	0	0	30	1	2		133002138,133002351,133002368,133002341	133002374	1	1	45406			7	3	3		8	25			8	207	133002374	1																									2		
10801	1	1002	10102	0	0	1	2		133003218,133003272,133003214	133003539	1	7	3	11		8	25							8	207	133003539	1																									2		
10900	1	1001	1011	0	30	1	2		133003528,133003176,133003214,133003092,133001404,133001403	133003534	1	1	48803			8	35							8	15	133003534	1																									2		
11000	1	1003	0	0	30	1	2			133008488		7	3	204										5	10	133008488	10																									2		
11001	1	1003	0	0	30	1	2			133008495	1	7	3	204		8	30							5	10	133008495	10																									2		
11100	1	1002	0	0	30	1	2			133008493		7	3	204										5	1	133008493	1																									2		
11200	1	1002	0	0	30	1	2			133008512	1	7	3	204		8	25							8	207	133008512	1																									2		
11300	1	1001	0	0	30	1	2			133008492	1	7	3	204		8	30							8	14	133008492	1																									2		
11301	1	1001	0	0	30	1	2			133008514	1	7	3	204		8	25							8	14	133008514	1																									2		
11400	1	1001	0	0	30	1	2			133008513	1	7	3	204		8	30							5	15	133008513	3																									2		
11401	1	1001	0	0	0	1	2			133008491		7	3	204		1	1012112							5	15	133003534	3																									2		
20500	1	2003	1006	2004	30	0	2	2000101																																												2	1	
20501	1	2003	0	0	30	0	2	2001101				4	24702	0	2																																					2	1	
20502	1	2003	1003	0	30	0	2	2001201																																												2	1	
20503	1	2003	1004	0	30	0	2	2001301				1	48803																																							2	1	
20400	1	2003	0	0	10	0	2	2000501																																												2	1	
20401	1	2003	1005	0	10	0	2	2002501																																												2	1	
20402	1	2003	1005	0	10	0	2	2003501																																												2	1	
20403	1	2003	0	0	10	0	2	2001901																																												2	1	
20300	1	2003	1003	0	30	0	2	2000601																								1	20300	0	1																	2	1	
20301	1	2003	0	2003	30	0	2	2001601																																												2	1	
20302	1	2003	0	0	30	0	2	2002601				3	20300	0	1																																					2	1	
20100	1	2003	1001	0	30	0	2	2000709				1	48803																																							2	1	
20101	1	2003	1001	0	30	0	2	2001709				1	48803																																							2	1	
20102	1	2003	1001	0	30	0	2	2001809				1	48803																																							2	1	
20200	1	2003	0	0	30	0	1	2000801																																												1	1	
20201	1	2003	1005	0	30	0	2	2002701																																												2	1	
20202	1	2003	1003	0	30	0	2	2002801																																												2	1	
20700	1	2003	0	0	30	0	2	2000909																								2	20700	2		3	20700	2	2	5	23300	3										2	1	
20701	1	2003	0	0	30	0	2	2001009																								2	20700	2		3	20700	2	2	5	23300	3										2	1	
20702	1	2003	0	0	30	0	2	2001509				1	39403																			2	20700	2		3	20700	2	2	5	23300	3										2	1	
21000	1	2003	0	0	30	0	2	2003601																								5	21100	3																		2	1	
20900	1	2003	0	0	30	0	2	2003801																																												2	1	
21100	1	2003	0	0	0	0	1	2003701				2	20																																							1	1	
21200	1	2003	0	0	0	0	2	2003901																																												2	1	
20600	1	2003	0	0	30	0	2	2004001				2	25																																							2	1	
21300	1	2003	0	0	30	0	2	2004101																																												2	1	
21600	1	2003	0	0	30	0	1	2004401			1	2	18			4	22400	2	2																																	1	1	
21601	1	2003	0	0	30	0	1	2005001			1	2	20			4	22400	2	2																																	1	1	
21602	1	2003	0	0	20	0	2	2005301			1	2	22			4	22400	2	2																																	2	1	
21603	1	2003	0	0	0	0	2	2006501																				1	22400	2	2	1	22400	2	1																	2	1	
21604	1	2003	0	0	0	0	2	2006601																				1	22400	2	2	1	22400	2	1																	2	1	
21400	1	2003	10101	0	30	0	1	2004201																																												1	1	
21500	1	2003	0	2004	30	0	1	2004301																																												1	1	
21800	1	2003	0	0	0	0	1	2004701																																												1	1	
21700	1	2003	0	0	30	0	1	2004801				6	21700	2	50													1	21700	0	1	4	23100			1	21700	0	1	1	21700	2	100									1	1	
21900	1	2003	0	2004	10	0	1	2004901																																												1	1	
22000	1	2003	0	0	0	0	1	2005101																																												1	1	
22100	1	2003	0	0	30	0	1	2005401																																												1	1	
22200	1	2003	0	0	0	0	1	2005801																																												1	1	
22400	1	2003	0	0	30	0	1	2006201				4	22400	2	2													1	22400	1	1	4	21603			1	22400	1	2	4	21604			2	22400	1	0	1	22400	2	2	1	1	
22500	1	2003	0	0	30	0	1	2006001																																												1	1	
22600	1	2003	0	0	30	0	1	2002301				1	46618																																							1	1	
22700	1	2003	1001	2005	30	0	1	2006101			1	1	48508			8	25																																			1	1	
22800	1	2003	1009	0	30	0	1	2006301				1	48508																																							1	1	
22900	1	2003	1009	0	0	0	1	2005901																																												1	1	
24700	1	2003	1009	0	30	0	1	2051101				6	24700	0	1																	1	24700	0	2					1	24701	0	1									1	1	
24701	1	2003	1009	0	30	0	1	2051201				3	24701	0	1																	1	24701	0	2					1	24702	0	1									1	1	
24702	1	2003	1009	0	30	0	1	2051301				3	24702	0	1																	1	24702	0	2																	1	1	
23000	1	2003	1001	2005	500	0	1	2010201			1	4	23000	2	1	3	22700	3	1	6	21700	2	50									1	23000	2	1																	1	1	
24800	1	2003	1009	0	30	0	1	2051401			1	3	24702	0	2	6	24800	2	3													1	24800	1	1					2	24800	2										1	1	
24801	1	2003	1009	0	30	0	1	2051501			1	3	24702	0	2	6	24800	2	3													1	24800	1	1					2	24800	2										1	1	
24802	1	2003	1009	0	30	0	1	2051601			1	3	24702	0	2	6	24800	2	3													1	24800	1	1					2	24800	2										1	1	
24900	1	2003	10101	0	30	0	1	2051701																																												1	1	
24100	1	2003	10101	0	30	0	1	2051801				3	24900	2	1																																					1	1	
24101	1	2003	10101	0	30	0	1	2051901				3	24900	2	1																																					1	1	
23100	1	2003	0	0	1000	0	1	2006801				3	21700	0	1																	1	21700	2						1	21700	0	2									1	1	
23300	1	2003	1011	2006	30	0	1	2010301				5	20700	2	3																	2	23300	2		4	23300	2	1	5	23300	3										1	1	
24300	1	2003	0	0	30	0	1	2070001																																												1	3	
23600	1	2003	1011	0	30	0	1	2060001			1	1	38905			14	2002901	2		8	25											1	23600	1	1																	1	1	
24000	1	2003	0	0	30	0	1	2070101				1	1100519																																							1	1	
24500	1	2003	0	0	30	0	1	2070201				1	7080102																																							1	1	
24600	1	2003	0	0	30	0	1	2070301																																												1	1	
27700	1	2003	0	0	0	0	1	2070401																																												1	1	
24200	1	2003	1005	0	30	0	1	2010401				1	7082404																																							1	1	
28600	1	2003	1009		100	0	1	4112501				10	2001			1	4111309			6	28600	1	3									2	28600	1																		1	1	
28900	1	2003	10101		30	0	1	2006901			1	7	3	204		3	28900	1	0	8	25																															1	1	
29000	1	2003	1012		1000	0	1	2007015				3	28900	1	1																	1	28900	1	0																	1	1	
29001	1	2003	1012		1000	0	1	2007112				3	28900	1	1																	1	28900	1	0																	1	1	
29002	1	2003	1012		1000	0	1	2007213				3	28900	1	1																	1	28900	1	0																	1	1	
29100	1	2003	1012		30	0	1	2007301			1	7	3	204		8	35																																			1	1	
28800	1	2003	1012		30	0	1	2052001			1	7	3	204		8	30																																			1	1	
29200	1	2003	1012		0	0	1	2052101			1	1	7010232			1	7014112			1	7010701																															1	1	
29400	1	2003	10101		30	0	1	2000301			1	1	1100811			1	1050301			3	29500	1	0					1	29400	1	3	1	29500	1	1																	1	3	
29500	1	2003	10101		30	0	1	2000401				3	29500	1	1																																					1	1	
29900	1	2003	10101		30	0	1	2002901			1	1	202102			15	84504			12	2002901	1																														1	1	
40010	1	2003			30	0	1	2001401				3	24800	2	3																	1	24800	2	4					1	40020	0	1									1	1	
40020	1	2003			30	0	1	2002001			1	3	40020	0	1	1	7181107															1	40020	0	2					1	40030	0	1									1	1	
40030	1	2003			30	0	1	2002101				3	40030	0	1																	1	40030	0	2																	1	1	
40031	1	2003			30	0	1	2006701				3	40031	0	1																																					1	1	
40040	1	2003			30	0	1	2003301				3	40040	0	1																	1	40040	0	2					1	40050	0	1									1	1	
40041	1	2003			15	0	1	2004601				3	40040	0	2																	2	40040	1																		1	1	
40042	1	2003			15	0	1	2005201				3	40040	0	2																	2	40040	1																		1	1	
40050	1	2003			30	0	1	2003401			1	5	40040	1	2	3	40050	0	1													1	40050	0	2																	1	1	
15000	2	1101	0	0	30	1			133105270	133105257		7	3	165										5			13																									2		
15001	2	1101	0	0	30	1			133102145	133102552		7	3	72										5			13																									2		
15002	2	1101	0	0	30	1			133108109	133108086	1	2	24			7	3	91						5			13																									2		
15100	2	1102	0	0	30	1			133103315,133103336	133103270		7	3	74										8	189	133103270	1																									2		
15101	2	1102	0	0	30	1			133101079	133101096		7	3	74										8	189	133101096	1																									2		
15103	2	1102	0	0	30	1			133102577,133102590	133102565														8	189	133102565	1																									2		
15104	2	1102	0	0	30	1			133108088	133108093	1	2	24			7	3	91						8	189	133108093	1																									2		
15105	2	1102	0	0	30	1			133104231	133104421	1	7	3	73		8	30							8	189	133104421	1																									2		
15200	2	1104	0	0	20	1			133103115	133103267		7	3	74										5			9																									2		
15201	2	1104	0	0	20	1			133104294	133104511														5			9																									2		
15202	2	1104	0	0	20	1			133101061	133101092		7	3	74										5			10																									2		
15203	2	1104	0	0	20	1			133103245	133103295		7	3	74										5			9																									2		
15204	2	1104	0	0	20	1			133102525,133102641	133102567		7	3	74										5			9																									2		
15205	2	1104	0	0	20	1			133104266	133104402		8	30											5			9																									2		
15206	2	1104	0	0	20	1			133104202,133104346	133104404		7	3	73										5			9																									2		
15207	2	1104	0	0	20	1				133101104		7	3	74										5			8																									2		
15208	2	1104	0	0	20	1			133105112	133105264														5			8																									2		
15300	2	1103	3006	0	20	1	2		133103030,133103334	133103266		7	3	74										5			8																									2		
15302	2	1103	0	0	20	1	2		133104188,133104005	133104406														5			9																									2		
15303	2	1103	0	0	20	1	2		133101167	133101105		7	3	74										5			8																									2		
15304	2	1103	0	0	20	1	2		133105010,133105144,133105215	133105262		7	3	165										5			9																									2		
15400	2	1103	0	0	30	1	2		133101091	133101094		7	3	153										5			6																									2		
15401	2	1103	0	0	30	1	2			133103310		7	3	74										5			6																									2		
15403	2	1103	0	0	30	1	2		133105245,133105267	133102566		7	3	116										5			5																									2		
15404	2	1103	3003	0	30	1	2			133104407														5			5																									2		
15405	2	1103	0	0	30	1	2		133104334,133104435	133104410														5			5																									2		
15501	2	1103	3004	0	30	1			133102193,133102020	133102550														2	70300101		2																									2		
15502	2	1103	3009	0	30	1				133101098		7	3	74										2	70300101		2																									2		
15503	2	1103	0	0	30	1			133102146	133102562														2	70300101		2																									2		
15504	2	1103	0	0	30	1			133104129	133104408		7	3	73										2	70300101		2																									2		
15505	2	1103	3003	0	30	1			133104183	133104409														2	70300101		2																									2		
15600	2	1104	0	0	30	1			133102469,133102470,133102379	133102555		7	3	76										5			9																									2		
15601	2	1104	0	0	30	1			133103029	133103292		7	3	74										5			11																									2		
15602	2	1104	3006	0	30	1			133104040	133104405		7	3	79										5			10																									2		
15603	2	1104	0	0	30	1			133105045	133105261		7	3	92										5			11																									2		
15604	2	1104	3007	0	30	1			133108035,133108034,133108037	133108091	1	8	40			7	3	91						5			10																									2		
15701	2	1103	3006	0	30	1			133103127	133103296	1	8	40			7	3	74						5			1																									2		
15702	2	1103	0	0	30	1			133108040,133108088,133108039	133108092	1	8	40			7	3	91						5			1																									2		
15703	2	1103	0	0	30	1			133104351	133104411		8	40											5			1																									2		
15704	2	1103	0	0	30	1			133104037	133104416	1	8	40			7	3	73						5			1																									2		
15800	2	1104	3006	0	50	1			133103288	133103298		7	3	74										5			8																									2		
15801	2	1104	0	0	50	1			133103291	133103299		7	3	74										5			8																									2		
15802	2	1104	3009	0	50	1			133101072,133101136	133101102		7	3	74										5			8																									2		
15803	2	1104	0	0	50	1			133101074	133101103		7	3	74										5			8																									2		
15804	2	1104	0	0	50	1			133105042,133105195	133105265		7	3	72										5			9																									2		
15900	2	1101	0	0	30	1				133103269	1	1	100205			7	3	74						8	14	133103269	1																									2		
15901	2	1101	3004	0	30	1			133102192,133102007	133102547														8	14	133102547	1																									2		
15902	2	1101	3001	0	30	1			133101066	133101095	1	7	3	74		8	30							8	14	133101095	1																									2		
15903	2	1101	0	0	30	1			133103147,133103145,133103144,133103146	133103311		7	3	74										8	14	133103311	1																									2		
15904	2	1101	0	0	30	1			133105135,133105132,133105130,133105134	133102564		7	3	72										8	14	133102564	1																									2		
15905	2	1101	3005	0	30	1			133104191,133104347	133104418		7	3	73										8	14	133104418	1																									2		
16000	2	1101	0	0	30	1			133103161	133103271		7	3	74										8	13	133103271	1																									2		
16001	2	1101	0	0	30	1			133102368	133102548		1	2100399											8	13	133102548	1																									2		
16003	2	1101	0	0	30	1			133101166,133101114	133101106	1	7	3	74		8	30							8	13	133101106	1																									2		
16004	2	1101	3001	0	30	1			133101066	133101107	1	7	3	74		8	30							8	13	133101107	1																									2		
16006	2	1101	0	0	30	1				133108095		2	24											8	13	133108095	1																									2		
16007	2	1101	3002	0	30	1			133104313,133104133	133104423		7	3	73										8	13	133104423	1																									2		
16401	2	1102	3006	0	0	1			133103192,133103029,133103036,133103033	133103460		8	30											8	207	133103460	1																									2		
16402	2	1102	0	0	0	1			133106194,133106192,133106214,133106121,133106122,133106129	133107081		8	30											8	207	133107081	1																									2		
16403	2	1102	0	0	30	1			133108090,133108080,133108021,133108106,133108087,133108075	133108112		8	30											8	207	133108112	1																									2		
16501	2	1102	3008	0	30	1			133105115,133105110,133105045	133105275	1	1	48803			8	35							8	15	133105275	1																									2		
16502	2	1102	0	0	30	1			133102325,133102277	133002362	1	1	48803			8	35							8	15	133002362	1																									2		
16503	2	1102	3009	0	30	1			133101137	133101183	1	1	48803			8	35							8	15	133101183	1																									2		
16504	2	1102	0	0	30	1			133103290,133103132,133103040,133103212	133103466	1	1	48803			8	35							8	15	133103466	1																									2		
16600	2	1102	0	0	0	1			133103144,133103159,133103156,133103272,133103297,133103273	133103455	1	7	3	87		8	30							8	203	133103455	1																									2		
16601	2	1102	3007	0	30	1			133108033,133108037,133108042,133108041,133108044,133108035	133108110	1	7	3	91		8	30							8	203	133108110	1																									2		
16602	2	1102	0	0	30	1			133106119,133106118,133106226,133106058,133106111	133106258	1	7	3	105		8	30							8	203	133106258	1																									2		
16603	2	1102	3004	0	30	1			133102607,133102497,133102499,133102007,133102466,133102498	133102724		8	30											8	203	133102724	1																									2		
16604	2	1102	0	0	30	1			133103166,133103174,133103169	133103482	1	7	3	95		8	30							8	203	133103482	1																									2		
25300	2	2101	0	0	30	0	1	2210001																								2	25300	0																		2	1	
25301	2	2101	0	0	30	0	1	2210101																								2	25300	0																		2	1	
25302	2	2101	0	0	30	0	1	2210201																								2	25300	0																		2	1	
25400	2	2101	0	0	30	0	1	2210301																								2	25300	0																		2	1	
25401	2	2101	0	0	30	0	1	2210401																								2	25300	0																		2	1	
25402	2	2101	0	0	30	0	1	2210501																								2	25300	0																		2	1	
25500	2	2101	0	0	30	0	1	2230001				1	101801																																							1	4	
25600	2	2101	0	0	30	0	1	2230101				1	7181107																																							1	4	
25700	2	2101	0	0	30	0	1	2230201				1	1200309																			2	25700	2																		1	3	
25800	2	2101	0	0	30	0	1	2230301				8	30																																							1	1	
25900	2	2101	0	0	0	0	1	2230401																																												2	1	
25901	2	2101	0	0	0	0	1	2230601																																												2	1	
25902	2	2101	0	0	0	0	1	2230701																																												2	1	
26000	2	2101	0	0	30	0	1	2230501																																												1	1	
26100	2	2101	0	0	30	0	1	2200001				4	29300	0	2																	2	26100	1																		1	1	
26200	2	2101	0	0	30	0	1	2200101			1	4	29300	0	2	8	25															2	26100	1																		1	1	
26300	2	2101	0	0	30	0	1	2200201			1	4	29300	0	2	8	25															2	26100	1																		1	1	
26400	2	2101	0	0	30	0	1	2200301				8	25																																							1	1	
26500	2	2101	0	0	30	0	1	2200401																																												2	1	
25100	2	2101	0	0	30	0	1	2210601				6	25100	2	50													1	25100	0	1	4	28000			1	25100	0	1	1	25100	2	100									1	1	
25200	2	2101	0	0	30	0	1	2210701																																												1	3	
25000	2	2101	0	0	30	0	1	2210801																								2	25000	1		1	25000	1	1	5	25001	4										2	1	
25001	2	2101	3005	0	30	0	1	2210901				5	25000	1	0																	2	25001	1		1	25001	1	1	5	25002	4										2	1	
25002	2	2101	3002	0	30	0	1	2211001			1	2	24			5	25001	1	0													2	25002	1		1	25002	1	1													2	1	
26600	2	2101	4001	0	1000	0	1	2211201				5	26600	1	50																	1	26600	1	0					1	26700	1	100									1	1	
26700	2	2101	4001	0	1000	0	1	2211301				5	26700	1	50																	1	26700	1	0																	2	1	
26800	2	2101	3003	0	30	0	1	2200501																								2	26800	2		1	26800	2	3	5	26801	3										2	1	
26801	2	2101	3003	0	30	0	1	2200601			1	5	26800	2	2	4	26801	1	2													1	26801	1	2																	2	1	
26802	2	2101	3003	0	30	0	1	2200701																								2	26800	2		1	26800	2	3	5	26801	3										2	1	
26900	2	2101	0	0	30	0	1	2200901				3	26801	1	2																																					2	1	
27000	2	2101	0	0	30	0	1	2200801				8	35																																							2	1	
28000	2	2101	0	0	30	0	1	2211401				3	25100	0	1																	1	25100	2	1					1	25100	0	2									1	1	
28100	2	2101	0	0	500	0	1	2211501			1	4	28100	2	1	5	28100	4	2	5	25700	2	2									1	28100	2	1					5	28200	3										1	1	
28200	2	2101	0	0	30	0	1	2211601				3	28100	2	1																																					1	1	
28300	2	2101	0	0	30	0	1	2211701				1	101603																																							1	1	
27500	2	2101	0	0	30	0	1	2220001																																												1	1	
28400	2	2101	0	0	30	0	1	2250001			1	5	26100	1	1	1	101209			4	29300	0	2				1					1	29300	0	1																	1	1	
28500	2	2101	0	0	30	0	1	2270101				8	25																			1	28500	0	1																	1	1	
28700	2	2101			100	0	1	2250101				10	2001			1	4111114			6	28700	1	3									2	28700	1																		1	1	
29300	2	2101			30	0	1	2100001			1	15	84508			3	29300	0	1													1	29300	0	2					1	29600	0	1									1	1	
29600	2	2101			30	0	1	2102601				3	29600	0	1																	1	29600	0	2					1	29700	0	1									1	1	
29700	2	2101			30	0	1	2102701				3	29700	0	1																	1	29700	0	2																	1	1	
29800	2	2101			10	0	1	2102801				3	29700	0	2																																					1	1	
29801	2	2101			10	0	1	2102901				3	29700	0	2																																					1	1	
29802	2	2101			10	0	1	2103001				3	29700	0	2																																					1	1	
40060	2	2101			30	0	1	2103101			1	5	25300	0	5	3	40060	0	0																																	1	1	
25003	2	2101			0	0	1	2103301				5	25002	1	0																	2	25003	1		1	25003	1	1	5	25004	4										1	1	
25004	2	2101			0	0	1	2103401				5	25003	1	0																	2	25004	1		1	25004	1	1													1	1	
41360	2	2101			0	0	1	2103501				3	28500	0	1																	1	41360	0	1																	1	1	
41361	2	2101			0	0	1	2103601			1	3	41364	0	1	6	41361	4	4													2	41361	3																		1	3	
41362	2	2101			0	0	1	2103701				5	41361	4	3																	1	41362	0	1																	1	1	
41363	2	2101			0	0	1	2103801				3	41362	0	1																																					1	1	
41364	2	2101			0	0	1	2103201				3	41360	0	1																	1	41364	0	1																	1	1	
31010	3	3101	3101		30	1	2			133220070	1													5			7																									2		
31020	3	3101	0		30	1	2			133220141	1													5			6																									2		
31030	3	3101	0		30	1	2			133220143	1													5			12																									2		
31040	3	3101	0		30	1	2			133220145	1													5			4																									2		
31090	3	3101	0		30	1	2			133220117	1	8	40											5			2																									2		
31091	3	3101	0		30	1	2			133213155	1	7	3	235		8	40							5			2																									2		
31092	3	3101	0		30	1	2			133212165	1	7	3	236		8	40							5			1																									2		
31093	3	3101	0		30	1	2			133210288	1	7	3	318		8	40							5			2																									2		
31094	3	3101	0		30	1	2			133210289	1	7	3	318		8	40							5			2																									2		
31095	3	3101	0		30	1	2			133222058	1	7	3	293		8	40			1	7215805			5			2																									2		
31110	3	3101	0		30	1	2			133213152	1	7	3	235										5			4																									2		
31111	3	3101	0		30	1	2			133213153	1	7	3	235										5			5																									2		
31112	3	3101	0		30	1	2			133213154	1	7	3	235										5			4																									2		
31113	3	3101	0		30	1	2			133212162	1	7	3	236										5			6																									2		
31114	3	3101	0		30	1	2			133212164	1	7	3	236										5			5																									2		
31170	3	3101			30	1	2			133210099	1	7	3	318										5			6																									2		
31171	3	3101			30	1	2			133210287	1	7	3	318										5			6																									2		
31172	3	3101			30	1	2			133217036	1	7	3	293		1	7215805							5			6																									2		
31220	3	3101			30	1	2			133223277	1	7	3	316		1	7217320							5			6																									2		
31221	3	3101			30	1	2			133223298	1	7	3	316		1	7217320							5			6																									2		
31222	3	3101			30	1	2			133223363	1	7	3	316		1	7217320							5			6																									2		
31230	3	3101			30	1	2			133223299	1	7	3	316		1	7217320							5			3																									2		
31231	3	3101			30	1	2			133223300	1	7	3	316		1	7217320							5			3																									2		
31240	3	3101			30	1	2			133223309	1	7	3	316		1	7217320							5			12																									2		
31241	3	3101			30	1	2			133223322	1	7	3	316		1	7217320							5			8																									2		
31060	3	3102	3101		30	1	2			133220156	1	1	7219922											8	64	133220156	1																									2		
31061	3	3102	3101		30	1	2			133220157	1	1	7219922											8	64	133220157	1																									2		
31062	3	3102	0		30	1	2			133220213	1	1	7210506											8	64	133220213	1																									2		
31063	3	3102	0		30	1	2			133220214	1	1	7210506											8	64	133220214	1																									2		
31064	3	3102	3102		30	1	2			133213158	1	7	3	235		1	7212319							8	64	133213158	1																									2		
31065	3	3102	3102		30	1	2			133213160	1	7	3	235		1	7212319							8	64	133213160	1																									2		
31066	3	3102	0		30	1	2			133212175	1	7	3	236										8	64	133212175	1																									2		
31067	3	3102	0		30	1	2			133212176	1	7	3	236										8	64	133212176	1																									2		
31068	3	3102	3103		30	1	2			133212177	1	7	3	236		1	7219611							8	64	133212177	1																									2		
31069	3	3102	3103		30	1	2			133212178	1	7	3	236		1	7219611							8	64	133212178	1																									2		
31210	3	3102	0		30	1	2			133217039	1	7	3	293		1	7215805							8	64	133217039	1																									2		
31211	3	3102	0		30	1	2			133222062	1	7	3	293		1	7215805							8	64	133222062	1																									2		
31080	3	3102	0	0	30	1	2			133220013	1													2	70300101		2																									2		
31081	3	3102	0	0	30	1	2			133213166	1	7	3	235										2	70300101		2																									2		
31082	3	3102	0	0	30	1	2			133212181	1	7	3	236										2	70300101		2																									2		
31180	3	3102	0	0	30	1	2			133210055	1	7	3	318		8	40							8	78	133210055	1																									2		
31181	3	3102	0	0	30	1	2			133210313	1	7	3	318										8	78	133210313	1																									2		
31182	3	3102	0	0	30	1	2			133222059	1	7	3	293		1	7215805							8	78	133222059	1																									2		
31190	3	3102	0	0	30	1	2			133210316	1	7	3	318										8	79	133210316	1																									2		
31191	3	3102	0	0	30	1	2			133210317	1	7	3	318										8	79	133210317	1																									2		
31192	3	3102	0	0	30	1	2			133217035	1	7	3	293		1	7215805							8	79	133217035	1																									2		
31193	3	3102	0	0	30	1	2			133223301	1	7	3	316		1	7217320							8	79	133223301	1																									2		
31100	3	3103	3102		30	1	2			133213162	1	7	3	235		1	7212217							8	67	133213162	1																									2		
31101	3	3103	3102		30	1	2			133213163	1	7	3	235		1	7212217							8	67	133213163	1																									2		
31102	3	3103	3102		30	1	2			133213164	1	7	3	235		1	7212217							8	67	133213164	1																									2		
31103	3	3103	0		30	1	2			133210291	1	7	3	318										8	67	133210291	1																									2		
31104	3	3103	0		30	1	2			133210009	1	7	3	318										8	67	133210009	1																									2		
31105	3	3103	0		30	1	2			133222060	1	7	3	293						1	7215805			8	67	133222060	1																									2		
31106	3	3103	0		30	1	2			133223307	1	7	3	316		1	7217320							8	67	133223307	1																									2		
31050	3	3103	0	0	30	1	2			133220146	1													8	14	133220146	1																									2		
31051	3	3103	0	0	30	1	2			133212171	1	7	3	236										8	14	133212171	1																									2		
31052	3	3103	0	0	30	1	2			133212173	1	7	3	236										8	14	133212173	1																									2		
31053	3	3103	0	0	30	1	2			133222061	1	7	3	293		1	7215805							8	80	133222061	1																									2		
31054	3	3103	0	0	30	1	2			133217038	1	7	3	293		1	7215805							8	81	133217038	1																									2		
31055	3	3103	0	0	30	1	2			133223323	1	7	3	316		1	7217320							8	14	133223323	1																									2		
31070	3	3103	0	0	30	1	2			133220161	1													8	72	133220161	1																									2		
31071	3	3103	0	0	30	1	2			133220162	1													8	76	133220162	1																									2		
31072	3	3103	0	0	30	1	2			133220163	1													8	13	133220163	1																									2		
31073	3	3103	0	0	30	1	2			133220164	1	7	3	304		1	7211006							8	73	133220164	1																									2		
31074	3	3103	0	0	30	1	2			133213156	1	7	3	235										8	74	133213156	1																									2		
31120	3	3103	0	0	30	1	2			133220165	1													8	13	133220165	1																									2		
31121	3	3103	0	0	30	1	2			133212166	1	7	3	236										8	13	133212166	1																									2		
31122	3	3103	0	0	30	1	2			133212167	1	7	3	236		8	40							8	76	133212167	1																									2		
31123	3	3103	0	0	30	1	2			133212170	1	7	3	236										8	76	133212170	1																									2		
31124	3	3103	0	0	30	1	2			133210333	1	7	3	318										8	76	133210333	1																									2		
31125	3	3103	0	0	30	1	2			133210334	1	7	3	318		8	40							8	76	133210334	1																									2		
31126	3	3103	0	0	30	1	2			133217037	1	7	3	293		1	7215805							8	13	133217037	1																									2		
31140	3	3104	0	0	30	1	2			133220174	1													8	15	133220174	1																									2		
31141	3	3104	0	0	30	1	2			133220180	1	1	7280704			8	40							8	15	133220180	1																									2		
31142	3	3104	3102	0	30	1	2			133213169	1	7	3	235		1	7212217							8	15	133213169	1																									2		
31143	3	3104	3103	0	30	1	2			133212186	1	7	3	235		1	7219611							8	15	133212186	1																									2		
31144	3	3104	0	0	30	1	2			133217040	1	7	3	293		1	7215805			8	40			8	15	133217040	1																									2		
31150	3	3104	0	0	30	1	2			133220019	1	8	45											8	203	133220019	1																									2		
31151	3	3104	0	0	30	1	2			133220210	1	8	40											8	203	133220210	1																									2		
31152	3	3104	0	0	30	1	2			133213182	1	7	3	235										8	203	133213182	1																									2		
31153	3	3104	0	0	30	1	2			133212156	1	7	3	236		8	45							8	203	133212156	1																									2		
31154	3	3104	0	0	30	1	2			133217043	1	7	3	293		1	7215805			8	45			8	203	133217043	1																									2		
31130	3	3104	0	0	30	1	2			133220192	1									7	3	244		8	241	133220192	1																									2		
31131	3	3104	0	0	30	1	2			133213181	1	7	3	235		8	35							8	241	133213181	1																									2		
31132	3	3104	0	0	30	1	2			133212190	1	7	3	236										8	241	133212190	1																									2		
31160	3	3104	0	0	30	1	2			133220189	1													8	207	133220189	1																									2		
31161	3	3104	3102	0	30	1	2			133213179	1	7	3	235		1	7212217							8	207	133213179	1																									2		
31162	3	3104	0	0	30	1	2			133212188	1	7	3	236										8	207	133212188	1																									2		
31163	3	3104	0	0	30	1	2			133210345	1	7	3	318		8	35							8	207	133210345	1																									2		
31164	3	3104	0	0	30	1	2			133223358	1	7	3	316		1	7217320							8	241	133223358	1																									2		
31200	3	3104	0	0	30	1	2			133210354	1	7	3	318		8	35							8	77	133210354	1																									2		
31201	3	3104	0	0	30	1	2			133210355	1	7	3	318		8	35							8	77	133210355	1																									2		
31202	3	3104	0	0	30	1	2			133223330	1	7	3	316		1	7217320							8	77	133223330	1																									2		
41040	3	3001			30	0		2201101			1	1	200711																			2	41040	1																		2	1	
41060	3	3001			0	0		2201201			1	5	41040	1	3	3	41060	1	0													2	41060	1																		2	1	
41070	3	3001			30	0	1	2201501			1	3	41070	1	0	1	200701															2	41070	1																		2	1	
41080	3	3001			30	0	1	2201801			1	3	41070	1	4																	2	41070	1																		2	1	
41090	3	3001			30	0	1	2201901			1	3	41070	1	8																	2	41070	1																		2	1	
41100	3	3001			30	0	1	2202001			1	1	202102			3	41070	1	9													2	41070	1																		2	1	
41010	3	3001			30	0		2201001			1	6	41010	3	3	1	202102															2	41010	3																		2	3	
41020	3	3001			30	0		2201301			1	3	41010	3	3	5	41010	1	1													1	41010	3	0					1	41010	1	0					1	41010	2	0	2	1	
41030	3	3001			30	0		2201701			1	3	41010	3	3	5	41010	2	1													1	41010	3	0					1	41010	1	0					1	41010	2	0	2	1	
41110	3	3001			30	0		2202701			1																																									2	3	
41120	3	3001			30	0		2202801			1	3	41110	2	1																																					2	1	
41130	3	3001			30	0	1	2201401			1	3	41130	1	100	1	1100519																																			2	1	
41140	3	3001			30	0		2202901			1	6	41140	2	4																	2	41140	2						2	41150	4										2	3	
41150	3	3001			30	0		2203101			1	3	41150	1	2																	2	41150	4																		2	1	
41160	3	3001			10	0		2202301			1	6	41170	1	1	12	2202501	0																																		2	1	
41161	3	3001			10	0		2203201			1	6	41170	1	1	12	2202501	0																																		2	1	
41162	3	3001			10	0		2203301			1	6	41170	1	1	12	2202501	0		8	45																															2	1	
41170	3	3001	0	0	100	0	1	2202501			1	3	41170	1	1	12	2202501	0														1	41170	1	0																	2	1	
41180	3	3001	0	0	30	0	1	2203401			2	3	41070	1	1	3	41070	1	2	3	41070	1	3									2	41070	1																		2	1	
41190	3	3001	0	0	30	0	1	2203501			2	3	41070	1	5	3	41070	1	6	3	41070	1	7									2	41070	1																		2	1	
41200	3	3001			30	0	1	2202201			1	3	41200	1	100																																					1	2	
41210	3	3001	0		100	0	2	2202601			1	3	41200	1	100	15	84534			15	84532											1	41200	1	200																	1	2	
41220	3	3001			30	0	1	2202101			1	3	41200	1	100	15	84533																																			1	2	
41230	3	3001			30	0	2	2203001			1	3	41200	1	100	15	84533																																			1	2	
41240	3	3001	0	0	0	0	2	2203801			1					1	200711																																			2	1	
41250	3	3001	0	0	30	0	1	2203601			1	6	41250	1	100	1	7219922			1	7215313																															1	1	
41260	3	3001	0	0	50	0	1	2203701				3	41260	1	100																																					2	1	
41270	3	3001	0	0	30	0	1	2203901			1																																									2	1	
41271	3	3001	0	0	30	0	1	2204001			1	12	12042	0																																						2	1	
41290	3	3001	0	0	30	0	1	2204101			1	1	7221602																			2	41280	1																		2	1	
41280	3	3001	0	0	30	0	1	2204201			1	1	7221602																			2	41280	1																		2	1	
41300	3	3001	0	0	30	0	1	2204301			1	1	7221602																																							2	1	
41310	3	3001	0	0	30	0	1	2204401			1	1	7221602																																							2	1	
41320	3	3001	0	0	30	0	1	2204501			1	1	7221602																																							2	1	
41350	3	3001			30	0	1	2204701			1	1	200908																																							2	1	
41330	3	3001			30	0	1	2204601			1	1	7221602																			2	41280	1																		2	1	
41331	3	3001			30	0	1	2204801			1	1	7221602																			2	41280	1																		2	1	
41340	3	3001			30	0	1	2204901			1	1	202102																																							2	1	
32270	4	3201	0		30	1	2			133301117	1	7	3	465										5			5																									2		33011
32271	4	3201	0		30	1	2			133302186	1													5			5																									2		33016
32272	4	3201	0		30	1	2			133315145	1	7	3	462										5			5																									2		33018
32273	4	3201	0		30	1	2			133303166	1	7	3	465										5			5																									2		33021
32274	4	3201	0		30	1	2			133304423	1	7	3	463										5			5																									2		33025
32275	4	3201	0		30	1	2			133308405	1	7	3	534										5			5																									2		33030
32250	4	3201	0		30	1	2			133301205	1	7	3	625										5			6																									2		33014
32251	4	3201			30	1	2			133304086	1	7	3	463										5			6																									2		33026
32290	4	3201	0		30	1	2			133301195	1	7	3	625										5			3																									2		33014
32291	4	3201	0		30	1	2			133301197	1	7	3	625										5			3																									2		33012
32292	4	3201	0		30	1	2			133302169	1													5			3																									2		33017
32293	4	3201	0		30	1	2			133304091	1	7	3	463										5			3																									2		33027
32260	4	3201	0		30	1	2			133301203	1	7	3	465										5			6																									2		33013
32261	4	3201	0		30	1	2			133301204	1	7	3	625										5			6																									2		33012
32262	4	3201	0		30	1	2			133302162	1													5			6																									2		33015
32263	4	3201	0		30	1	2			133302163	1													5			6																									2		33016
32264	4	3201	0		30	1	2			133303212	1	7	3	465										5			7																									2		33020
32265	4	3201	0		30	1	2			133304164	1	7	3	463										5			7																									2		33024
32266	4	3201	0		30	1	2			133304163	1	7	3	463										5			6																									2		33019
32267	4	3201	0		30	1	2			133304161	1	7	3	463										5			6																									2		33027
32268	4	3201	0		30	1	2			133315148	1	7	3	462										5			6																									2		33018
32269	4	3201	0		30	1	2			133309670	1	7	3	535										5			7																									2		33029
32280	4	3201	0		30	1	2			133301211	1	7	3	465										5			6																									2		33011
32281	4	3201	0		30	1	2			133303186	1	7	3	465										5			6																									2		33021
32282	4	3201	0		30	1	2			133303185	1	7	3	465										5			7																									2		33020
32283	4	3201	0		30	1	2			133304099	1	7	3	465										5			7																									2		33019
32284	4	3201	0		30	1	2			133304085	1	7	3	463										5			7																									2		33026
32285	4	3201	0		30	1	2			133310385	1	7	3	534										5			6																									2		33031
32300	4	3201	0		30	1	2			133301192	1	7	3	465										2	70300101		2																									2		33013
32301	4	3201	0		30	1	2			133301194	1	7	3	625										2	70300101		2																									2		33014
32302	4	3201	0		30	1	2			133302161	1													2	70300101		2																									2		33016
32303	4	3201	0		30	1	2			133302167	1													2	70300101		2																									2		33017
32304	4	3201	0		30	1	2			133303176	1	7	3	465										2	70300101		2																									2		33020
32305	4	3201	0		30	1	2			133304159	1	7	3	463										2	70300101		2																									2		33027
32306	4	3201	0		30	1	2			133304158	1	7	3	463										2	70300101		2																									2		33026
32307	4	3201	0		30	1	2			133309671	1	7	3	535										2	70300101		2																									2		33029
32308	4	3201	0		30	1	2			133308352	1	7	3	534										2	70300101		2																									2		33030
32309	4	3201	0		30	1	2			133310386	1	7	3	534										2	70300101		2																									2		33031
32420	4	3201	0		30	1	2			133307468	1	7	3	629										2	70300101		2																									2		33032
32310	4	3201	0		30	1	2			133301200	1	7	3	465										5			1																									2		33013
32311	4	3201	0		30	1	2			133301199	1	7	3	465										5			1																									2		33011
32312	4	3201	0		30	1	2			133301201	1	7	3	625										5			2																									2		33014
32313	4	3201	0		30	1	2			133301202	1	7	3	625										5			1																									2		33012
32314	4	3201	0		30	1	2			133302164	1													5			3																									2		33015
32315	4	3201	0		30	1	2			133302165	1													5			2																									2		33017
32316	4	3201	0		30	1	2			133302166	1													5			1																									2		33016
32317	4	3201	0		30	1	2			133303181	1	7	3	465										5			3																									2		33019
32318	4	3201	0		30	1	2			133303055	1	7	3	465										5			1																									2		33021
32319	4	3201	0		30	1	2			133304098	1	7	3	463										5			2																									2		33024
32390	4	3201	0		30	1	2			133315146	1	7	3	462										5			3																									2		33018
32391	4	3201	0		30	1	2			133304154	1	7	3	463										5			3																									2		33025
32392	4	3201			30	1	2			133309586	1	7	3	535										5			1																									2		33029
32393	4	3201	0		30	1	2			133308356	1	7	3	534										5			1																									2		33030
32394	4	3201	0		30	1	2			133310479	1	7	3	536										5			1																									2		33031
32395	4	3201	0		30	1	2			133314042	1	7	3	629										5			2																									2		33034
32340	4	3203	0		30	1	2			133302171	1													8	13	133302171	1																									2		33017
32341	4	3203	0		30	1	2			133302172	2	1	7300122			1	7300123							8	13	133302172	1																									2		33015
32342	4	3203	0		30	1	2			133303174	1	7	3	465										8	13	133303174	1																									2		33021
32343	4	3203	0		30	1	2			133304156	1	7	3	463										8	13	133304156	1																									2		33024
32344	4	3203	0		30	1	2			133304155	1	7	3	463										8	13	133304155	1																									2		33026
32345	4	3203	0		30	1	2			133304150	1	7	3	463										8	13	133304150	1																									2		33019
32346	4	3203	0		30	1	2			133301310	1	7	3	465										8	13	133301310	1																									2		33011
32347	4	3203	0		30	1	2			133301316	1	7	3	625										8	13	133301316	1																									2		33012
32348	4	3203	0		30	1	2			133301321	1	7	3	465										8	13	133301321	1																									2		33013
32349	4	3203	0		30	1	2			133301322	1	7	3	625										8	13	133301322	1																									2		33014
32380	4	3203	0		30	1	2			133315147	1	7	3	462										8	13	133315147	1																									2		33018
32381	4	3203	0		30	1	2			133302454	1													8	13	133302454	1																									2		33016
32382	4	3203	0		30	1	2			133310388	1	7	3	534										8	13	133310388	1																									2		33031
32383	4	3203	0		30	1	2			133308781	1	7	3	629										8	13	133308781	1																									2		33030
32384	4	3203	0		30	1	2			133314099	1	7	3	629										8	13	133314099	1																									2		33034
32320	4	3203	0		30	1	2			133302168	2	1	7300122			1	7300123							8	14	133302168	1																									2		33015
32321	4	3203	0		30	1	2			133301198	1	7	3	625										8	14	133301198	1																									2		33012
32322	4	3203	0		30	1	2			133304151	1	7	3	463										8	14	133304151	1																									2		33025
32323	4	3203	0		30	1	2			133309672	1	7	3	535										8	14	133309672	1																									2		33029
32324	4	3203	0		30	1	2			133308357	1	7	3	534										8	14	133308357	1																									2		33030
32325	4	3203	0		30	1	2			133314328	1	7	3	629										8	14	133314328	1																									2		33034
32370	4	3204	0		30	1	2			133301154	1	7	3	465										8	83	133301154	1																									2		33011
32371	4	3204	0		30	1	2			133301329	1	7	3	465										8	83	133301329	1																									2		33013
32372	4	3204	0		30	1	2			133302421	1													8	83	133302421	1																									2		33016
32373	4	3204	0		30	1	2			133302474	1													8	83	133302474	1																									2		33017
32374	4	3204	0		30	1	2			133315176	1	7	3	465										8	83	133315176	1																									2		33021
32375	4	3204	0		30	1	2			133315175	1	7	3	465										8	83	133315175	1																									2		33020
32376	4	3204	0		30	1	2			133304450	1	7	3	463										8	83	133304450	1																									2		33026
32360	4	3204	0		30	1	2			133301159	1	7	3	625										8	84	133301159	1																									2		33012
32361	4	3204	0		30	1	2			133301488	1	7	3	625										8	84	133301488	1																									2		33014
32362	4	3204	0		30	1	2			133302369	1													8	84	133302369	1																									2		33015
32363	4	3204	0		30	1	2			133315173	1	7	3	462										8	84	133315173	1																									2		33018
32364	4	3204	0		30	1	2			133315172	1	7	3	463										8	84	133315172	1																									2		33025
32365	4	3204	0		30	1	2			133315174	1	7	3	463										8	84	133315174	1																									2		33019
32366	4	3204	0		30	1	2			133304451	1	7	3	463										8	84	133304451	1																									2		33024
32410	4	3204	0		30	1	2			133310474	1	7	3	534										8	85	133310474	1																									2		33031
32411	4	3204	0		30	1	2			133308249	1	7	3	534										8	85	133308249	1																									2		33030
32412	4	3204	0		30	1	2			133309693	1	7	3	535										8	85	133309693	1																									2		33029
32413	4	3204	0		30	1	2			133308782	1	7	3	629										8	85	133308782	1																									2		33030
32414	4	3204	0		30	1	2			133314142	1	7	3	629										8	85	133314142	1																									2		33034
32350	4	3205	0		30	1	2			133315024	1	7	3	462										8	82	133315024	1																									2		33018
32351	4	3205	0		30	1	2			133302021	1	7	3	465										8	82	133302021	1																									2		33015
32352	4	3205	0		30	1	2			133302039	1													8	82	133302039	1																									2		33016
32353	4	3205	0		30	1	2			133301496	1	7	3	625										8	82	133301496	1																									2		33012
32354	4	3205	0		30	1	2			133303484	1	7	3	465										8	82	133303484	1																									2		33020
32400	4	3205	0	0	30	1	2			133303173	1	7	3	463										8	241	133303173	1																									2		33027
42250	4	4001			30	0	1	2300201			1	1	7212217																																							2	1	
42010	4	4001			30	0	1	2301004																																												2	1	
42070	4	4001			30	0	1	2300601																																												2	1	
42060	4	4001			30	0	1	2301801																																												2	1	
42160	4	4001			30	0	1	2302301				6	42160	0	3																	2	42160	0																		2	3	
42300	4	4001			30	0	1	2302401				5	42160	0	2																	1	42160	0	0																	2	1	
42290	4	4001			30	0	1	2302501																																												2	1	
42020	4	4001			15	0	1	2301301			1	1	7109808			6	42020	4	2	6	42021	4	5					1	42020	1	3	2	42022	0		1	42022	0	2	1	42020	4	2	1	42024	0	2	2	42021	4		2	1	
42021	4	4001			15	0	1	2301401			1	5	42020	1	0	3	42020	4	0	6	42021	4	5					1	42021	1	3	2	42022	0		1	42022	0	2	1	42020	4	2	1	42024	0	2	2	42021	4		2	1	
42022	4	4001			30	0	1	2301501			1	3	42022	0	2	3	42023	0	0													1	42023	0	1					1	42022	0	3									2	1	
42023	4	4001			30	0	1	2301601			1	5	42023	0	0	3	42024	0	0									1	42023	1	4	1	42024	0	1	1	42023	1	4	1	42020	4	1									2	1	
42024	4	4001			15	0	1	2301701			1	3	42024	0	1	3	42020	4	1									1	42024	1	3	1	42024	0	2																	2	1	
42030	4	4001			15	0	1	2302701																				1	42030	0	3	2	42032	0																		2	1	
42031	4	4001			15	0	1	2302801				5	42030	0	0													1	42031	0	3	2	42032	0																		2	1	
42032	4	4001			30	0	1	2302901				3	42032	0	2																																					2	1	
42040	4	4001			15	0	1	2303001				3	42032	0	3																																					2	1	
42050	4	4001			30	0	1	2301201																																												2	1	
42230	4	4001			30	0	1	2300401																																												2	1	
42240	4	4001			30	0	1	2301901				6	42240	4	2																	1	42240	4	2																	2	1	
42241	4	4001			30	0	1	2302001				3	42240	4	2																	1	42240	4	3																	2	1	
42242	4	4001			30	0	1	2302101				3	42240	4	3																	1	42240	4	4																	2	1	
42243	4	4001			30	0	1	2302201				3	42240	4	4																	1	42240	4	3																	2	1	
42260	4	4001			30	0	1	2303201				3	42260	4	2																																					2	1	
42170	4	4001			30	0	1	2300101				3	42170	0	0																																					2	1	
42180	4	4001			30	0	1	2300301				3	42170	0	1																																					2	1	
42190	4	4001			30	0	1	2300501				3	42170	0	1																																					2	1	
42280	4	4001			30	0	1	2300701				6	42280	1	3																																					2	3	
42310	4	4001			30	0	1	2300801			1	3	42280	1	3	3	42310	0	0																																	2	1	
42320	4	4001			30	0	1	2300901				3	42310	0	1																																					2	1	
42200	4	4001			30	0	1	2303101				6	42200	0	3																																					2	3	
42220	4	4001			30	0	1	2303601				12	73104	1																																						2	1	
42090	4	4001			30	0	1	2300001			2	12	10003	1		12	10006	1		12	10014	1																														2	1	
42261	4	4001			30	0	1	2301101			1	6	42260	4	2	12	2002901	2		12	301409	1										1	42260	4	2																	2	1	
42080	4	4001			30	0	1	2302601																																												2	1	
42140	4	4001			30	0	1	2303311																																												2	1	
42330	4	4001			30	0	1	2303901				12	301801	1																																						2	1	
42340	4	4001			30	0	1	2303701			1	3	42340	0	0	12	301801	1																																		2	1	
42350	4	4001			30	0	1	2303801			1	3	42340	0	1	12	301801	1														1	42340	0	0																	2	1	
42360	4	4001			30	0	1	2304101			1	12	23041	1		12	23042	0		12	301801	1																														2	1	
42361	4	4001			30	0	1	2304201			1	12	23042	1		12	301801	1																																		2	1	
42370	4	4001			30	0	1	2304001				12	301801	1																																						2	1	
42380	4	4001			30	0	1	2304306				12	301801	1																																						2	1	
