台词ID	下一句台词ID	显示类型	[对话角色]类型	[对话角色]ID	情绪模组ID	动作ID	眼睛表情路径	是否眨眼
10000001			1	202301				
10000002			1	203601				
10000003			1	201301				
10000101	10000102		1	1005				
10000102	10000103,10000105		1	1005				
10000103	10000104		2					
10000104	10000107		1	1005				
10000105	10000106		2					
10000106	10000107		1	1005				
10000107	10000108		1	1005				
10000108	10000109		1	1005				
10000109	10000110		1	1005				
10000110	10000111		1	1005				
10000111			1	1005				
10000201	10000202		1	203601				
10000202	10000203		1	203601				
10000203	10000204		1	203601				
10000204			1	203601				
10000221	10000222		1	1005				
10000222	10000223		1	203601				
10000223	10000224		1	203601				
10000224			1	203601				
10000231	10000232		1	203601				
10000232			1	203601				
10000301	10000302		1	202301				
10000302	10000303		1	202301				
10000303	10000304,10000305		1	202301				
10000304	10000306		2					
10000305	10000306		2					
10000306	10000307		1	1005				
10000307	10000308		1	1005				
10000308	10000309		1	1005				
10000309	10000310		1	202301				
10000310	10000311		1	202301				
10000311	10000312		1	202301				
10000312	10000313		1	202301				
10000313			1	202301				
10000321	10000322		1	1005				
10000322			1	202301				
10000331	10000332		1	202301				
10000332			1	202301				
10000333	10000334		1	200901				
10000334			1	200901				
10000401	10000402		1	201301				
10000402	10000403		1	201301				
10000403	10000404		1	201301				
10000404	10000405		1	201301				
10000405	10000406		1	201301				
10000406	10000407		1	1005				
10000407	10000408		1	201301				
10000408	10000409		1	201301				
10000409	10000410		1	201301				
10000410			1	201301				
10000411	10000412		1	201301				
10000412			1	201301				
10000413			1	201101				
10000414	10000415		1	162501				
10000415			1	162501				
10000421	10000422		1	1005				
10000422	10000423		1	201301				
10000423	10000424		1	201301				
10000424			1	201301				
10000701			1	1005				
10002101	10002102		1	209001				
10002102	10002103		1	209001				
10002103	10002104		1	209001				
10002104	10002105		1	1005				
10002105		1	2					
10002111	10002112		1	1005				
10002112			1	1005				
10002113			1	209001				
10002201	10002202		1	207201				
10002202	10002203		1	207201				
10002203	10002204		1	207201				
10002204	10002205		1	207201				
10002205	10002206		1	207201				
10002206	10002207		1	207201				
10002207		1	2					
10002208			1	207201				
10002221	10002222		1	2003007				
10002222			1	2003007				
10002211	10002212		1	1005				
10002212			1	1005				
10010101	10010102		1	2002901				
10010102			1	1005				
10010103	10010104		1	2003001				
10010104			1	1005				
10010111	10010112		1	2003013				
10010112			1	1005				
10010121	10010122		1	2003014				
10010122			1	1005				
10000801			1	1005				
10000802			1	1005				
10000803			1	10211				
10000804			1	10211				
10000805			1	10211				
10000806			1	10211				
10000807			1	10211				
10000808			1	10211				
10000809			1	10211				
10000810			1	10211				
10000811			1	10211				
10000812			1	10211				
10000813			1	10211				
10000814			1	10211				
10000815			1	10211				
10000816			1	10211				
10000817			1	10211				
10000818			1	10211				
10000819			1	10211				
10000820			1	10211				
10000821			1	10211				
10000822			1	10211				
10000823			1	10211				
10000824			1	10211				
10000825			1	10211				
10000826			1	10211				
10001501	10001502		1	1005				
10001502	10001503		1	1005				
10001503	10001504		1	1005				
10001504	10001505		1	1005				
10001505	10001506		1	1005				
10001506	10001507		1	1005				
10001507	10001508,10001509		1	1005				
10001508			2					
10001509			2					
10001521	10001522		1	1005				
10001522	10001523		1	1005				
10001523			1	1005				
10001051			1	1005				
10001001			1	10061				
10001002			1	10062				
10001003			1	10063				
10001004			1	10064				
10001021			1	20038				
10001022			1	20038				
10001023			1	20038				
10001024			1	20038				
10001201			1	10061				
10001202			1	10200				
10001203			2					
10001204			1	10200				
10001205			1	10061				
10001206			1	10061				
10001207			1	10061				
10001208			1	10061				
10001209			1	10061				
10001210			1	10061				
10001211			1	10061				
10001212			1	10061				
10001213			1	10061				
10001214			1	10061				
10001215			1	10061				
10001216			1	10061				
10001217			1	10061				
10001218			1	10061				
10001219			1	10061				
10001220			1	10061				
10001221			1	10061				
10001222			1	10061				
10001223			1	10061				
10001224			1	10061				
10001225			1	10061				
10001226			1	10061				
10001227			1	10061				
10001228			1	10061				
10001229			1	10061				
10001230			1	10061				
10001231			1	10061				
10001232			1	10061				
10001233			1	10061				
10001234			1	10061				
10001235			1	10061				
10001236			1	10061				
10001237			1	10061				
10001238			1	10061				
10001239			1	10061				
10001301	10001302,10001303		1	1005				
10001302	10001304		2					
10001303	10001304		2					
10001304	10001305		1	1005				
10001305	10001306		1	1005				
10001306	10001307		1	10200				
10001307	10001308		1	1005				
10001308	10001309		1	10200				
10001309	10001310		1	10200				
10001310	10001311		1	1005				
10001311	10001312		1	1005				
10001312	10001313		1	10200				
10001313	10001314		1	10200				
10001314	10001315,10001317,10001319		1	10200				
10001315	10001316		2					
10001316	10001321		1	10200				
10001317	10001318		2					
10001318	10001321		1	10200				
10001319	10001320		2					
10001320	10001321		1	10200				
10001321	10001322		1	10200				
10001322	10001323		1	10200				
10001323	10001324		1	10200				
10001324	10001325		1	10200				
10001325	10001326		1	10200				
10001326	10001327		1	10200				
10001327	10001328		1	10200				
10001328	10001329		1	1005				
10001329	10001330		1	10200				
10001330	10001331		1	10200				
10001331	10001332		1	10200				
10001332			1	10200				
10001401	10001402		1	1005				
10001402	10001403		1	10200				
10001403	10001404		1	10200				
10001404	10001405		1	1005				
10001405	10001406		1	10200				
10001406	10001407		1	10200				
10001407	10001408		1	1005				
10001408	10001409		1	10200				
10001409	10001410		1	10200				
10001410	10001411		1	1005				
10001411	10001412		1	10200				
10001412	10001413,10001414		1	10200				
10001413	10001415		2					
10001414	10001415		2					
10001415	10001416		1	10200				
10001416	10001417		1	10200				
10001417	10001418		1	1005				
10001418	10001419		1	10200				
10001419	10001420		1	10200				
10001420	10001421		1	1005				
10001421	10001422		1	10200				
10001422	10001423		1	10200				
10001423	10001424,10001426		1	10200				
10001424	10001425		2					
10001425	10001428		1	10200				
10001426	10001427		2					
10001427	10001428		1	10200				
10001428	10001429		1	10200				
10001429	10001430		1	10200				
10001430	10001431		1	10200				
10001431			1	10200				
10020201	10020202,10020203		1	2002801				
10020202	10020203		2					
10020203	10020204		2					
10020204	10020205		1	2002801				
10020205	10020206		1	2002801				
10020206	10020207		1	1005				
10020207	10020208		1	2003004				
10020208	10020209		1	2003005				
10020209	10020210		1	2003004				
10020210	10020211		1	2002801				
10020211			1	2002801				
10020501	10020502		1	2002801				
10020502	10020503		1	1005				
10020503	10020504		1	2002801				
10020504	10020505		1	2002801				
10020505	10020506		1	2002801				
10020506	10020507		1	2002801				
10020507	10020508		1	2002801				
10020508	10020509		1	2002801				
10020509	10020510		1	2002801				
10020510	10020511		1	2002801				
10020511	10020512,10020513		1	2002801				
10020512	10020513		2					
10020513	10020514		2					
10020514	10020515		1	2002801				
10020515			1	2002801				
10030101			1	1005				
10030102			1	1005				
10030103			1	1005				
10030104			1	1005				
10030105			1	10204				
10030106			2					
10030107			2					
10030108			2					
10030109			2					
10030110			2					
10030111			2					
10030112			2					
10030113			2					
10030114			2					
10030301	10030302		1	10204				
10030302	10030303		1	1005				
10030303	10030308		1	10204				
10030304	10030305		1	10204				
10030305	10030306		1	10204				
10030306	10030307		1	1005				
10030307	10030308		1	10204				
10030308	10030309		1	10204				
10030309	10030310		1	10204				
10030310	10030311		1	1005				
10030311	10030312		1	1005				
10030312	10030313		1	1005				
10030313			1	1005				
10030401	10030402	1	2					
10030402	10030403		1	220801				
10030403	10030404		1	220801				
10030404	10030405		1	1005				
10030405	10030406		1	220801				
10030406	10030407		1	220801				
10030407	10030408		1	220801				
10030408	10030409		1	220801				
10030409	10030410		1	1005				
10030410	10030411		1	220801				
10030411	10030412		1	220801				
10030412	10030413		1	220801				
10030413	10030414		1	1005				
10030414	10030415		1	220801				
10030415	10030416		1	220801				
10030416	10030417		1	220801				
10030417	10030418		1	220801				
10030418	10030419,10030421		1	1005				
10030419	10030420		2					
10030420	10030423		1	1005				
10030421	10030422		2					
10030422	10030423		1	1005				
10030423			1	1005				
10030601	10030602		1	220401				
10030602	10030603	1	2					
10030603	10030604		1	220401				
10030604	10030605		1	1005				
10030605	10030606	1	2					
10030606	10030607		1	220401				
10030607	10030608		1	220401				
10030608	10030609		1	220401				
10030609	10030610		1	1005				
10030610	10030611		1	220401				
10030611	10030612		1	220401				
10030612	10030613		1	220401				
10030613	10030614		1	220401				
10030614	10030615		1	1005				
10030615	10030616		1	220401				
10030616			1	1005				
10030801	10030802		1	1005				
10030802	10030803		1	1005				
10030803	10030804		1	1005				
10030804			1	1005				
10030901	10030902		1	220401				
10030902	10030903		1	220401				
10030903	10030904		1	1005				
10030904			1	1005				
10031001	10031002		1	220801				
10031002	10031003		1	1005				
10031003	10031004		1	220801				
10031004	10031005		1	1005				
10031005	10031006		1	220801				
10031006	10031007		1	220801				
10031007	10031008		1	220801				
10031008	10031009		1	220801				
10031009	10031010,10031012		1	220801				
10031010	10031011		2					
10031011	10031013		1	1005				
10031012	10031013		2					
10031013	10031014		1	220801				
10031014			1	220801				
10031101			1	1005				
10031201			1	1005				
10031202			1	1005				
10031203			1	1005				
10031401			1	1005				
10031402			1	1005				
10031501	10031502		1	231101				
10031502	10031503		1	1005				
10031503	10031504		1	231101				
10031504	10031505		1	1005				
10031505	10031506		1	231101				
10031506	10031507		1	1005				
10031507	10031508		1	231101				
10031508	10031509		1	231101				
10031509	10031510		1	231101				
10031510	10031511		1	231101				
10031511			1	231101				
10031601	10031602		1	220401				
10031602	10031603		1	220401				
10031603	10031604		1	220401				
10031604	10031605		1	220401				
10031605			1	220401				
10031701	10031702		1	10204				
10031702	10031703		1	1005				
10031703	10031704		1	10204				
10031704	10031705		1	1005				
10031705	10031706		1	1005				
10031706	10031707		1	10204				
10031707	10031708		1	10204				
10031708	10031709		1	10204				
10031709	10031710		1	10204				
10031710	10031711,10031712		1	10204				
10031711	10031713		2					
10031712	10031713		2					
10031713	10031714		1	10204				
10031714	10031715		1	10204				
10031715	10031716		1	10204				
10031716	10031717		1	1005				
10031717	10031718		1	10204				
10031718	10031719		1	1005				
10031719	10031720		1	10204				
10031720	10031721		1	10204				
10031721			1	1005				
10031801	10031802		1	10200				
10031802			1	10200				
10031803	10031804		1	10200				
10031804	10031805		1	10200				
10031805	10031809		1	10200				
10031806	10031807		1	10200				
10031807	10031808		1	10200				
10031808	10031809		1	10200				
10031809	10031810		1	10200				
10031810	10031811		1	10200				
10031811	10031812		1	10200				
10031812	10031813		1	1005				
10031813	10031814		1	10200				
10031814	10031815		1	10200				
10031815	10031816		1	10200				
10031816	10031817		1	1005				
10031817	10031818		1	10200				
10031818	10031819		1	10200				
10031819	10031820,10031821		1	10200				
10031820	10031822		2					
10031821	10031822		2					
10031822	10031823		1	1005				
10031823	10031824		1	1005				
10031824	10031825		1	1005				
10031825	10031826,10031827		1	10200				
10031826	10031828		2					
10031827	10031828		2					
10031828	10031829		1	10200				
10031829	10031830		1	10200				
10031830	10031831		1	10200				
10031831	10031832		1	1005				
10031832	10031833		1	10200				
10031833	10031834		1	10200				
10031834	10031835		1	10200				
10031835	10031836		1	10200				
10031836			1	10200				
10039501			1	2208				
10039401	10039402		2					
10039402	10039403		1	2208				
10039403	10039404		1	2208				
10039404	10039405,10039410		1	2208				
10039405	10039406		2					
10039406	10039407		1	2208				
10039407	10039408		1	2208				
10039408	10039409		1	2208				
10039409			1	2208				
10039410	10039411		2					
10039411	10039412		1	2208				
10039412	10039413		1	2208				
10039413			1	2208				
10039301	10039302		2					
10039302	10039303		1	2208				
10039303	10039304		1	2208				
10039304	10039305		1	2208				
10039305			1	2208				
10039201	10039202		2					
10039202			1	2208				
10039101			1	220401				
10039001			1	220401				
10038901			1	220401				
10038801			1	220801				
10038701			1	220801				
10080201	10080202		1	10259				
10080202	10080203	1	2					
10080203	10080204		1	10259				
10080204	10080205		1	1005				
10080205	10080206		1	10259				
10080206	10080207		1	10259				
10080207	10080208		1	1005				
10080208	10080209		1	10259				
10080209	10080210		1	10259				
10080210	10080211		1	10259				
10080211	10080212		1	10259				
10080212	10080213		1	10259				
10080213	10080214		1	1005				
10080214	10080215		1	10259				
10080215	10080216,10080218		1	10259				
10080216	10080217		2					
10080217			1	10259				
10080218	10080219		2					
10080219	10080220		1	1005				
10080220			1	10259				
10080221			1	1005				
10080222			1	1005				
10080223			1	1005				
10089901	10089902		1	10259				
10089902	10089903		1	10259				
10089903			1	10259				
10080501	10080502		1	10260				
10080502	10080503		1	10260				
10080503	10080504		1	10260				
10080504	10080505,10080507		1	10260				
10080505	10080506		2					
10080506	10080509		1	10260				
10080507	10080508		2					
10080508	10080509		1	10260				
10080509	10080510		1	10260				
10080510			1	10260				
10089801	10089802		1	10260				
10089802	10089803		1	10260				
10089803	10089804		1	10260				
10089804	10089805		1	10260				
10089805	10089806		1	10260				
10089806	10089807	1	2					
10089807	10089808		1	10260				
10089808			1	10260				
10080601	10080602		1	10259				
10080602	10080603		2					
10080603	10080604		1	10259				
10080604	10080605		1	10259				
10080605	10080606		1	10259				
10080606	10080607		1	10259				
10080607	10080608		1	10260				
10080608	10080609		1	1005				
10080609	10080610		1	1005				
10080610	10089601		1	1005				
10089701	10089702		1	10259				
10089702	10089703		1	10259				
10089703	10089704		1	10260				
10089704	10089705		1	10260				
10089705	10089706,10089709		1	10259				
10089706	10089707		2					
10089707	10089708		1	10259				
10089708	10089712		1	10260				
10089709	10089710		2					
10089710	10089711		1	1005				
10089711	10089712		1	10259				
10089712	10089713		1	10259				
10089713	10089714		1	10259				
10089714	10089715		1	10260				
10089715	10089716		1	1005				
10089716	10089717		1	1005				
10089717	10089601		1	1005				
10089601	10089602		1	10257				
10089602			1	10257				
10080701	10080702		1	10257				
10080702	10080703		1	10257				
10080703	10080704,10080706		1	1005				
10080704	10080705		2					
10080705	10080708		1	10257				
10080706	10080707		2					
10080707	10080708		1	10257				
10080708	10080709		1	10257				
10080709	10080710		1	10257				
10080710	10080711		1	10257				
10080711	10080712		1	10257				
10080712	10080713		1	10257				
10080713	10080714		1	10257				
10080714	10080715		1	10257				
10080715	10080716		1	10257				
10080716	10080717		1	10257				
10080717	10080718		1	10257				
10080718	10080719		1	10257				
10080719	10080720	1	2					
10080720	10080721		1	1005				
10080721	10080722,10080723		1	1005				
10080722	10080724		2					
10080723	10080724		2					
10080724	10080725		1	10257				
10080725	10080726		1	10257				
10080726	10080727		1	10257				
10080727	10080728		1	1005				
10080728	10080729		1	10257				
10080729			1	10257				
10091501	10091502		1	1005				
10091502	10091510		1	1005				
10091510	10091503		1	1005				
10091503	10091504		1	1005				
10091504	10091505		1	1005				
10091505	10091506		1	1005				
10091506	10091507		1	1005				
10091507	10091508		1	1005				
10091508	10091509		1	1005				
10091509			1	1005				
10090201	10090202		1	1005				
10090202	10090203		1	1005				
10090203	10090204		1	1005				
10090204			1	1005				
10099901			1	1005				
10090301	10090302		1	1005				
10090302	10090303		1	1005				
10090303	10090304		1	1005				
10090304	10090305		1	1005				
10090305	10090306		1	1005				
10090306			1	1005				
10099801			1	1005				
10090401	10090402		1	1005				
10090402	10090403		1	1005				
10090403	10090404		1	1005				
10090404			1	1005				
10099701			1	1005				
10091301			1	10258				
10091401	10091402		1	10258				
10091402	10091403,10091405		1	10258				
10091403	10091404		2					
10091404	10091407		1	10258				
10091405	10091406		2					
10091406	10091407		1	10258				
10091407	10091408		1	10258				
10091408	10091409		1	1005				
10091409	10091410		1	1005				
10091410	10091411		1	1005				
10091411	10091412		1	10258				
10091412	10091413		1	10258				
10091413	10091414		1	10258				
10091414	10091415		1	10258				
10091415	10091416		1	10258				
10091416	10091417		1	10258				
10091417	10091418		1	10258				
10091418	10091419	1	2					
10091419	10091420		1	1005				
10091420	10091421,10091423		1	10258				
10091421	10091422		2					
10091422	10091425		1	10258				
10091423	10091424		2					
10091424	10091425		1	10258				
10091425	10091426		1	10258				
10091426	10091427		1	1005				
10091427	10091428	1	2					
10091428	10091429		1	1005				
10091429	10091430		1	1005				
10091430	10091431		1	1005				
10091431	10091432		1	10258				
10091432	10091433		1	10258				
10091433	10091434		1	10258				
10091434	10091435		1	10258				
10091435	10091436		1	10258				
10091436	10091437		1	10258				
10091437	10091438		1	10258				
10091438			1	10258				
10099601	10099602		1	10305				
10099602	10099603		1	10305				
10099603	10099604		1	10305				
10099604			1	10305				
10099301			1	10311				
10099201			1	10312				
10099101			1	10313				
10099001			1	10314				
10098901			1	10315				
10100201	10100202,10100203		1	10235				
10100202	10100204		2					
10100203	10100204		2					
10100204	10100205		1	10235				
10100205	10100206		1	10235				
10100206	10100207		1	1005				
10100207	10100208		1	10235				
10100208	10100209		1	1005				
10100209	10100210		1	10235				
10100210	10100211	1	2					
10100211	10100212		1	1005				
10100212	10100213		1	1005				
10100213	10100214,10100215		1	1005				
10100214	10100216		2					
10100215	10100216		2					
10100216			1	1005				
10100221			1	10235				
10100301	10100302		1	10200				
10100302	10100303		1	10200				
10100303	10100304		1	1005				
10100304	10100305		1	10200				
10100305			1	10200				
10100401			1	10236				
10100402			1	10236				
10100403			1	2022				
10100404			1	10232				
10100405			1	10200				
10100406			1	1005				
10100407			2					
10100408			1	10232				
10100409			1	10232				
10100410			1	10200				
10100501	10100502,10100503		1	10200				
10100502	10100504		2					
10100503	10100504		2					
10100504	10100505		1	10200				
10100505	10100506		1	10200				
10100506	10100507		1	1005				
10100507	10100508		1	10232				
10100508	10100509		1	1005				
10100509	10100510		1	10232				
10100510	10100511		1	1005				
10100511	10100512		1	10232				
10100512	10100513		1	1005				
10100513	10100514		1	10200				
10100514	10100515		1	10200				
10100515	10100516	1	2					
10100516	10100517		1	10200				
10100517	10100518		1	10232				
10100518	10100519		1	1005				
10100519	10100520		1	10200				
10100520	10100521		1	10232				
10100521	10100522,10100523		1	10232				
10100522	10100525		2					
10100523	10100524		2					
10100524	10100525		1	10232				
10100525	10100526		1	10232				
10100526	10100527		1	10232				
10100527	10100528	1	2					
10100528	10100529		1	1005				
10100529	10100530		1	10232				
10100530	10100531,10100534,10100536		1	10232				
10100531	10100532		2					
10100532	10100533		1	1005				
10100533	10100539		1	10200				
10100534	10100535		2					
10100535	10100539		1	10200				
10100536	10100537		2					
10100537	10100538		1	10200				
10100538	10100539		1	10200				
10100539	10100540		1	10200				
10100540	10100541		1	10232				
10100541	10100542	1	2					
10100542	10100543		1	10232				
10100543	10100544		1	10232				
10100544	10100545		1	10200				
10100545			1	10200				
10100580			1	10200				
10100601	10100602,10100605		1	10232				
10100602	10100603		2					
10100603	10100604		1	10232				
10100604	10100607		1	10232				
10100605	10100606		2					
10100606	10100607		1	10232				
10100607	10100608		1	10232				
10100608	10100609		1	10232				
10100609	10100610		1	10232				
10100610	10100611		1	1005				
10100611	10100612		1	10232				
10100612	10100613		1	10232				
10100613	10100614		1	10232				
10100614	10100615		1	1005				
10100615			1	10232				
10110101	10110102		1	205401				
10110102	10110103		1	205401				
10110103	10110104		1	1005				
10110104	10110105		1	10232				
10110105	10110106		1	205401				
10110106	10110107		1	205401				
10110107	10110108		1	205401				
10110108	10110109		1	1005				
10110109	10110110,10110113		1	1005				
10110110	10110111		2					
10110111	10110112		1	10232				
10110112	10110114		1	1005				
10110113	10110114		2					
10110114	10110115		1	10232				
10110115	10110116		1	10232				
10110116	10110117		1	1005				
10110117	10110118		1	10232				
10110118	10110119		1	205401				
10110119	10110120		1	1005				
10110120	10110121		1	1005				
10110121	10110122,10110123		1	1005				
10110122	10110124		2					
10110123	10110124		2					
10110124	10110125		1	10232				
10110125	10110126		1	10232				
10110126	10110127		1	1005				
10110127	10110128		1	10232				
10110128	10110129		1	1005				
10110129	10110130		1	10232				
10110130	10110131,10110134		1	1005				
10110131	10110132		2					
10110132	10110133		1	1005				
10110133	10110136		1	1005				
10110134	10110135		2					
10110135	10110136		1	1005				
10110136	10110137		1	10232				
10110137	10110138		1	10232				
10110138	10110139		1	10232				
10110139	10110140		1	10232				
10110140	10110141		1	1005				
10110141	10110142		1	10232				
10110142	10110143		1	10232				
10110143	10110144		1	1005				
10110144	10110145		1	10232				
10110145	10110146		1	10232				
10110146	10110147,10110148		1	10232				
10110147	10110149		2					
10110148	10110149		2					
10110149	10110150		1	10232				
10110150	10110151		1	1005				
10110151	10110152		1	1005				
10110152	10110153		1	1005				
10110153	10110154,10110156		1	205401				
10110154	10110155		2					
10110155	10110158		1	205401				
10110156	10110157		2					
10110157	10110158		1	205401				
10110158	10110159		1	205401				
10110159	10110160		1	10232				
10110160	10110161		1	10232				
10110161	10110162,10110163		1	205401				
10110162	10110164		2					
10110163	10110164		2					
10110164	10110165		1	1005				
10110165	10110166,10110168		1	1005				
10110166	10110167		2					
10110167	10110171		1	205401				
10110168	10110169		2					
10110169	10110170		1	205401				
10110170	10110171		1	205401				
10110171	10110172		1	1005				
10110172	10110173		1	10232				
10110173	10110174		1	1005				
10110174	10110175		1	10232				
10110175	10110176		1	205401				
10110176	10110177		1	10232				
10110177	10110178,10110179		1	1005				
10110178	10110182		2					
10110179	10110180		2					
10110180	10110181		1	1005				
10110181	10110182		1	10232				
10110182	10110183		1	1005				
10110183			1	1005				
10110191			1	205401				
10110301			1	1005				
10110302			1	1005				
10110303			1	10232				
10110304			1	10232				
10110305			1	10232				
10110401	10110402,10110403		1	1005				
10110402	10110404		2					
10110403	10110404		2					
10110404	10110405		1	1005				
10110405	10110406		1	1005				
10110406	10110407		1	1005				
10110407	10110408		1	1005				
10110408			1	1005				
10110601			1	1005				
10110602			1	1005				
10110603			1	1005				
10110611			1	1005				
10110612			1	1005				
10110613			1	1005				
10110621			1	1005				
10110622			1	1005				
10110623			1	1005				
10110701			1	205401				
10110711	10110712	1	2					
10110721	10110722	1	2					
10110781	10110782		1	1005				
10110782			1	1005				
10110731	10110732	1	2					
10110732	10110733		1	1005				
10110733	10110771		1	205401				
10110771	10110772		1	10232				
10110772	10110734		1	205401				
10110734	10110735		1	205401				
10110735	10110736		1	10232				
10110736	10110737		1	205401				
10110737	10110738		1	205401				
10110738	10110739		1	205401				
10110739	10110740		1	205401				
10110740	10110741		1	1005				
10110741	10110742		1	205401				
10110742	10110743		1	1005				
10110743	10110744		1	10232				
10110744	10110745	1	2					
10110745	10110746		1	205401				
10110746	10110747		1	10232				
10110747	10110748		1	1005				
10110748	10110749		1	10232				
10110749	10110750		1	10232				
10110750	10110751		1	1005				
10110751	10110752,10110753		1	10232				
10110752	10110754		2					
10110753	10110754		2					
10110754	10110755		1	1005				
10110755	10110756	1	2					
10110756	10110757		1	1005				
10110757	10110758		1	1005				
10110758	10110759		1	205401				
10110759	10110760		1	10232				
10110760	10110761,10110763		1	1005				
10110761	10110762		2					
10110762			1	10232				
10110763	10110764		2					
10110764			1	10232				
10110801			1	205401				
10110901	10110902		1	10232				
10110902	10110903,10110904		1	10232				
10110903	10110905		2					
10110904	10110905		2					
10110905	10110906		1	1005				
10110906	10110907,10110909		1	10232				
10110907	10110908		2					
10110908	10110911		1	10232				
10110909	10110910		2					
10110910	10110911		1	10232				
10110911	10110940		1	1005				
10110940	10110912		1	1005				
10110912	10110913		1	1005				
10110913	10110914		1	10232				
10110914	10110915		1	1005				
10110915	10110916,10110917		1	10232				
10110916	10110918		2					
10110917	10110918		2					
10110918	10110919		1	10232				
10110919	10110920		1	10232				
10110920	10110921		1	1005				
10110921	10110922		1	10232				
10110922	10110923		1	1005				
10110923	10110924		1	1005				
10110924	10110925		1	1005				
10110925	10110926,10110927		1	10232				
10110926	10110928		2					
10110927	10110928		2					
10110928	10110929		1	10232				
10110929	10110930		1	10232				
10110930	10110931		1	10232				
10110931	10110932		1	1005				
10110932	10110933		1	10232				
10110933	10110934		1	10232				
10110934	10110935		1	1005				
10110935			1	10232				
10120201	10120202		1	1005				
10120202	10120203		1	201301				
10120203	10120204		1	1005				
10120204	10120205		1	201301				
10120205	10120206		1	10232				
10120206	10120207		1	201301				
10120207	10120208,10120209,10120210		1	201301				
10120208	10120212		2	 				
10120209	10120212		2	 				
10120210	10120211		2	 				
10120211	10120212		1	201301				
10120212	10120213		1	201301				
10120213	10120214		1	10232				
10120214	10120215		1	10232				
10120215	10120216		1	10232				
10120216	10120217		1	10232				
10120217	10120218		1	10232				
10120218	10120219		1	201301				
10120219	10120220,10120221		1	10232				
10120220	10120222		2	 				
10120221	10120222		2	 				
10120222	10120223		1	1005				
10120223	10120224		1	10232				
10120224	10120225		1	1005				
10120225	10120226		1	10232				
10120226	10120227		1	10232				
10120227	10120228		1	10232				
10120228	10120229		1	10232				
10120229	10120230		1	10232				
10120230	10120231		1	10232				
10120231	10120232,10120233		1	1005				
10120232	10120234		2	 				
10120233	10120234		2	 				
10120234	10120235		1	201301				
10120235	10120236		1	1005				
10120236	10120237		1	201301				
10120237	10120238		1	201301				
10120238	10120239		1	201301				
10120239	10120240		1	1005				
10120240	10120241		1	201301				
10120241	10120242		1	201301				
10120242	10120243		1	1005				
10120243	10120244		1	10232				
10120244	10120245		1	1005				
10120245			1	201301				
10120301	10120302		1	1005				
10120302	10120303		1	201601				
10120303	10120304,10120307		1	1005				
10120304	10120305		2	 				
10120305	10120306		1	201601				
10120306	10120311		1	201601				
10120307	10120308		2	 				
10120308	10120309		1	201601				
10120309	10120310		1	201601				
10120310	10120311		1	201601				
10120311	10120312		1	1005				
10120312	10120313		1	201601				
10120313	10120314		1	201601				
10120314	10120315		1	1005				
10120315	10120316		1	201601				
10120316	10120317		1	201601				
10120317	10120318		1	1005				
10120318			1	1005				
10120401	10120402		1	201501				
10120402	10120403,10120405		1	1005				
10120403	10120404		2	 				
10120404	10120411		1	201501				
10120405	10120406		2	 				
10120406	10120407		1	201501				
10120407	10120408		1	201501				
10120408	10120409		1	201501				
10120409	10120410		1	1005				
10120410	10120411		1	201501				
10120411	10120412		1	201501				
10120412	10120413		1	201501				
10120413	10120414		1	1005				
10120414	10120415		1	201501				
10120415	10120416		1	1005				
10120416	10120417		1	201501				
10120417			1	1005				
10120501	10120502		1	208301				
10120502	10120503		1	1005				
10120503	10120504		1	208301				
10120504	10120505		1	208301				
10120505	10120506		1	1005				
10120506	10120507		1	208301				
10120507	10120508,10120509		1	208301				
10120508	10120513		2	 				
10120509	10120510		2	 				
10120510	10120511		1	208301				
10120511	10120512		1	208301				
10120512	10120513		1	1005				
10120513	10120514		1	208301				
10120514	10120515,10120518		1	208301				
10120515	10120516		2	 				
10120516	10120517		1	208301				
10120517	10120520		1	1005				
10120518	10120519		2	 				
10120519	10120520		1	208301				
10120520	10120521		1	208301				
10120521	10120522		1	1005				
10120522	10120523		1	208301				
10120523	10120524	1	2	 				
10120524	10120525,10120528		1	208301				
10120525	10120526		2	 				
10120526	10120527		1	208301				
10120527			1	208301				
10120528	10120529		2	 				
10120529			1	208301				
10120601	10120602		1	1005				
10120602	10120603		1	10232				
10120603	10120604		1	1005				
10120604	10120605		1	10232				
10120605	10120606		1	1005				
10120606			1	10232				
10121306	10121307		1	208301				
10121307	10121308,10121309		1	208301				
10121308	10121312		2	 				
10121309	10121310		2	 				
10121310	10121311		1	208301				
10121311	10121312		1	208301				
10121312	10121313		1	208301				
10121313	10121314		1	1005				
10121314	10121315		1	208301				
10121315	10121316		1	208301				
10121316	10121317		1	208301				
10121317	10121318		1	208301				
10121318	10121319	1	2	 				
10121319	10121320		1	208301				
10121320	10121321		1	208301				
10121321	10121322		1	208301				
10121322	10121323	1	2	 				
10121323			1	208301				
10120801	10120802		1	1005				
10120802	10120803		1	1005				
10120803	10120804		1	10232				
10120804	10120805		1	10232				
10120805	10120806		1	1005				
10120806	10120807		1	10232				
10120807	10120808		1	1005				
10120808	10120809		1	10232				
10120809	10120810	1	2					
10120810	10120811		1	1005				
10120811	10120812	1	2					
10120812	10120813		1	1005				
10120813	10120814	1	2					
10120814	10120815		1	1005				
10120815	10120816,10120817		1	1005				
10120816	10120818		2	 				
10120817	10120818		2	 				
10120818	10120819		1	1005				
10120819	10120820		1	1005				
10120820	10120821		1	10232				
10120821	10120822		1	10232				
10120822	10120823		1	1005				
10120823	10120824		1	1005				
10120824	10120825,10120826		1	10232				
10120825	10120827		2	 				
10120826	10120827		2	 				
10120827	10120828		1	1005				
10120828	10120829		1	10232				
10120829	10120830		1	1005				
10120830	10120831		1	10232				
10120831	10120832		1	1005				
10120832	10120833		1	10232				
10120833			1	1005				
10121001			1	1005				
10121002			1	1005				
10121003			1	1005				
10121101	10121102		1	208301				
10121102	10121103		1	208301				
10121103	10121104		1	1005				
10121104	10121105		1	208301				
10121105			1	208301				
10121201	10121202		1	208301				
10121202	10121203		1	208301				
10121203	10121204		1	208301				
10121204	10121205		1	208301				
10121205	10121206,10121207		1	208301				
10121206	10121208		2	 				
10121207	10121208		2	 				
10121208	10121209		1	208301				
10121209	10121210		1	208301				
10121210			1	208301				
10121301	10121302		1	208301				
10121302	10121303		1	208301				
10121303	10121304		1	208301				
10121304	10121305		1	208301				
10121305	10121306		1	208301				
10121401			1	201301				
10121501			1	201601				
10121601			1	201501				
10121701	10121702		1	10232				
10121702			1	10232				
10121801	10121802		1	208301				
10121802			1	208301				
10121901	10121902		1	208301				
10121902			1	208301				
10130101	10130102		1	209201				
10130102	10130103		1	10232				
10130103	10130104		1	209201				
10130104	10130105		1	1005				
10130105	10130106,10130107		1	1005				
10130106	10130108		2					
10130107	10130108		2					
10130108	10130109		1	1005				
10130109	10130110		1	10232				
10130110	10130111		1	209201				
10130111	10130112		1	209201				
10130112	10130113		1	209201				
10130113	10130114		1	10232				
10130114	10130115		1	209201				
10130115	10130116		1	209201				
10130116	10130117,10130118		1	1005				
10130117	10130119		2					
10130118	10130119		2					
10130119	10130120		1	1005				
10130120	10130121		1	10232				
10130121	10130122		1	10232				
10130122	10130123		1	10232				
10130123	10130124		1	209201				
10130124	10130125,10130126		1	10232				
10130125	10130127		2					
10130126	10130127		2					
10130127	10130128		1	10200				
10130128	10130129,10130131		1	1005				
10130129	10130130		2					
10130130	10130133		1	10200				
10130131	10130132		2					
10130132	10130133		1	10200				
10130133	10130134		1	10200				
10130134	10130135		1	10200				
10130135	10130136		1	10200				
10130136	10130137		1	1005				
10130137	10130138		1	10232				
10130138	10130139		1	10232				
10130139	10130140		1	10200				
10130140	10130141		1	10200				
10130141			1	10200				
10130301	10130302		1	10248				
10130302	10130303		1	10248				
10130303	10130304		1	10232				
10130304	10130305		2					
10130305	10130306		1	10248				
10130306	10130307,10130308		1	10232				
10130307			2					
10130308			2					
10139901			1	10248				
10139701			1	10248				
10139501			1	10248				
10139401			1	10248				
10130401	10130402		1	10248				
10130402			1	1005				
10130501	10130502		1	10248				
10130502	10130503		1	10248				
10130503	10130504		1	10232				
10130504	10130505		2					
10130505	10130506		1	10248				
10130506	10130507		1	10232				
10130507	10130508		2					
10130508	10130509		1	10248				
10130509	10130510		2					
10130510	10130511		1	10248				
10130511	10130512		1	10248				
10130512	10130513		1	10248				
10130513			1	1005				
10130601			1	10248				
10139301	10139302		1	10248				
10139302	10139303		1	10248				
10139303			1	10248				
10130701	10130702		1	10249				
10130702	10130703		1	1005				
10130703	10130704		1	10249				
10130704	10130705,10130706		1	10232				
10130705			2					
10130706			2					
10139201			1	10249				
10139001			1	10249				
10138801			1	10249				
10138701			1	10249				
10130801	10130802		1	10249				
10130802			1	1005				
10130901	10130902		1	10249				
10130902	10130903		1	1005				
10130903	10130904		1	10249				
10130904	10130905		1	10232				
10130905	10130906		2					
10130906	10130907		1	10249				
10130907	10130908		2					
10130908	10130909		1	10249				
10130909	10130910		1	10249				
10130910	10130911		1	10249				
10130911			1	1005				
10131001			1	10249				
10138601	10138602		1	10249				
10138602	10138603		1	10249				
10138603			1	10249				
10131101	10131102		1	10250				
10131102	10131103		1	10232				
10131103	10131104		2					
10131104	10131105		1	10250				
10131105	10131106,10131107		1	10232				
10131106			2					
10131107			2					
10138501			1	10250				
10138301			1	10250				
10138101			1	10250				
10138001			1	10250				
10131201	10131202		1	10250				
10131202			1	1005				
10131301	10131302		1	10250				
10131302	10131303		1	10232				
10131303	10131304		2					
10131304	10131305		1	10250				
10131305	10131306		1	10232				
10131306	10131307		2					
10131307	10131308		1	10250				
10131308	10131309		2					
10131309	10131310		1	10250				
10131310	10131311		1	10250				
10131311	10131312		1	10250				
10131312			1	1005				
10131401			1	10250				
10137901	10137902		1	10250				
10137902	10137903		1	10250				
10137903			1	10250				
10131701	10131702		1	10200				
10131702	10131703		1	1005				
10131703	10131704		1	10200				
10131704	10131705		1	1005				
10131705	10131706		2					
10131706	10131707,10131708		1	1005				
10131707	10131709		2					
10131708	10131709		2					
10131709	10131710		1	1005				
10131710	10131711		1	10200				
10131711	10131712		1	10200				
10131712	10131713		1	10200				
10131713	10131714		1	1005				
10131714	10131715		1	10232				
10131715	10131716		1	10232				
10131716	10131717		1	10200				
10131717			1	10200				
10137801			1	1005				
10140101	10140102,10140105		1	209301				
10140102	10140103		2					
10140103	10140104		1	209301				
10140104	10140107		1	209301				
10140105	10140106		2					
10140106	10140107		1	209301				
10140107	10140108		1	1005				
10140108	10140109		1	209301				
10140109	10140110		1	209301				
10140110	10140111		1	209301				
10140111	10140112		1	1005				
10140112	10140113		1	209301				
10140113	10140114		1	209301				
10140114	10140115		1	209301				
10140115	10140116,10140121		1	209301				
10140116	10140117		2					
10140117	10140118		1	209301				
10140118	10140119		1	209301				
10140119	10140120		1	209301				
10140120	10140127		1	209301				
10140121	10140122		2					
10140122	10140123		1	209301				
10140123	10140124		1	209301				
10140124	10140125		1	209301				
10140125	10140126		1	209301				
10140126	10140127		1	209301				
10140127	10140128		1	209301				
10140128	10140129		1	209301				
10140129	10140130,10140133		1	209301				
10140130	10140131		2					
10140131	10140132		1	1005				
10140132	10140135		1	1005				
10140133	10140134		2					
10140134	10140135		1	1005				
10140135	10140136		1	209301				
10140136	10140137		1	1005				
10140137	10140138		1	209301				
10140138	10140139,10140140,10140143		1	1005				
10140139	10140146		2					
10140140	10140141		2					
10140141	10140142		1	1005				
10140142	10140146		1	1005				
10140143	10140144		2					
10140144	10140145		1	1005				
10140145	10140146		1	1005				
10140146			1	209301				
10140160			1	1005				
10140301	10140302,10140305,10140308		1	209301				
10140302	10140303		2					
10140303	10140304		1	209301				
10140304	10140312		1	209301				
10140305	10140306		2					
10140306	10140307		1	209301				
10140307	10140312		1	209301				
10140308	10140309		2					
10140309	10140310		1	209301				
10140310	10140311		1	209301				
10140311	10140312		1	209301				
10140312	10140313		1	1005				
10140313	10140314		1	1005				
10140314	10140315		1	209301				
10140315	10140316		1	209301				
10140316	10140317		1	209301				
10140317	10140318		1	209301				
10140318	10140319,10140322		1	209301				
10140319	10140320		2					
10140320	10140321		1	209301				
10140321	10140326		1	209301				
10140322	10140323		2					
10140323	10140324		1	1005				
10140324	10140325		1	209301				
10140325	10140326		1	209301				
10140326	10140327		1	209301				
10140327	10140328		1	209301				
10140328	10140329		1	209301				
10140329			1	1005				
10140401	10140402		1	10232				
10140402	10140403,10140405		1	10232				
10140403	10140404		2					
10140404	10140407		1	10232				
10140405	10140406		2					
10140406	10140407		1	10232				
10140407	10140408		1	1005				
10140408	10140409		1	1005				
10140409	10140410		1	1005				
10140410	10140411		1	10232				
10140411	10140412		1	10232				
10140412	10140413		1	1005				
10140413	10140414		1	10232				
10140414	10140415		1	1005				
10140415	10140416		1	10232				
10140416	10140417		1	10232				
10140417			1	1005				
10140601	10140602		1	10245				
10140602			1	10245				
10140201	10140202		1	209301				
10140202	10140203		1	209301				
10140203			1	209301				
10141001	10141002		1	209301				
10141002			1	209301				
10141102			1	1005				
10151301	10151302		1	1005				
10151302	10151303		1	1005				
10151303	10151304		1	10233				
10151304	10151305		1	1005				
10151305	10151306		1	1005				
10151306	10151307		1	10232				
10151307			1	1005				
10150901	10150902,10150904		1	1005				
10150902	10150903		2					
10150903	10150908		1	1005				
10150904	10150905		2					
10150905	10150906		1	1005				
10150906	10150907		1	1005				
10150907	10150908		1	1005				
10150908	10150909		1	10233				
10150909	10150910,10150911		1	10233				
10150910	10150912		2					
10150911	10150912		2					
10150912	10150913		1	1005				
10150913	10150914		1	10232				
10150914	10150915		1	10233				
10150915	10150916		1	10232				
10150916	10150917,10150918		1	10233				
10150917	10150920		2					
10150918	10150919		2					
10150919	10150920		1	10232				
10150920	10150921		1	10232				
10150921	10150922		1	10232				
10150922	10150923		1	10233				
10150923	10150924		1	1005				
10150924	10150925		1	10233				
10150925	10150926		1	1005				
10150926	10150927		1	10232				
10150927	10150928,10150930		1	10233				
10150928	10150929		2					
10150929	10150932		1	10232				
10150930	10150931		2					
10150931	10150932		1	10232				
10150932	10150933		1	10232				
10150933	10150934		1	10232				
10150934	10150935		1	1005				
10150935	10150936		1	10232				
10150936	10150937		1	10233				
10150937	10150938		1	1005				
10150938	10150939		1	10233				
10150939	10150940,10150941		1	10233				
10150940	10150942		2					
10150941	10150942		2					
10150942	10150943		1	10232				
10150943			1	1005				
10150301	10150302		1	1005				
10150302	10150303		1	1005				
10150303	10150304		1	10232				
10150304	10150305		1	1005				
10150305	10150306		1	10232				
10150306	10150307		1	1005				
10150307	10150308		1	10232				
10150308	10150309		1	10232				
10150309	10150310		1	10232				
10150310	10150311		1	10232				
10150311	10150312		1	1005				
10150312	10150313		1	10232				
10150313			1	10232				
10150601	10150602		1	10232				
10150602	10150603		1	10232				
10150603	10150604		1	10232				
10150604	10150605		1	1005				
10150605	10150617		1	10232				
10150617	10150606		1	1005				
10150606	10150607		1	10247				
10150607	10150608		1	10247				
10150608	10150609		1	10232				
10150609	10150610		1	10247				
10150610	10150611		1	10247				
10150611	10150612		1	10247				
10150612	10150613		1	10247				
10150613	10150614		1	10247				
10150614	10150615		1	10232				
10150615	10150616		1	10232				
10150616			1	1005				
10151401	10151402		1	1005				
10151402	10151403		1	10232				
10151403	10151404		1	1005				
10151404	10151405		1	10232				
10151405	10151406		1	10232				
10151406	10151407,10151408		1	1005				
10151407	10151410		2					
10151408	10151409		2					
10151409	10151410		1	1005				
10151410	10151411		1	10232				
10151411			1	1005				
10150701	10150702		1	10232				
10150702	10150703		1	10233				
10150703	10150704,10150705		1	1005				
10150704	10150706		2					
10150705	10150706		2					
10150706	10150707		1	10233				
10150707	10150708		1	10233				
10150708	10150709		1	10233				
10150709	10150710		1	1005				
10150710	10150711		1	10232				
10150711	10150712		1	10232				
10150712	10150713		1	1005				
10150713	10150714		1	10233				
10150714	10150715,10150716		1	1005				
10150715	10150717		2					
10150716	10150717		2					
10150717	10150718		1	10233				
10150718	10150719,10150720		1	1005				
10150719	10150721		2					
10150720	10150721		2					
10150721	10150722		1	10234				
10150722	10150723		1	10232				
10150723	10150724		1	10234				
10150724	10150725		1	1005				
10150725	10150726		1	10234				
10150726	10150727,10150728		1	1005				
10150727	10150729		2					
10150728	10150729		2					
10150729	10150730		1	10234				
10150730	10150731		1	10234				
10150731	10150732		1	10232				
10150732	10150733		1	10234				
10150733	10150734		1	1005				
10150734	10150735,10150737		1	10234				
10150735	10150736		2					
10150736	10150739		1	1005				
10150737	10150738		2					
10150738	10150739		1	1005				
10150739	10150740		1	10232				
10150740	10150741		1	1005				
10150741	10150742		1	10232				
10150742	10150743	1	2					
10150743	10150744		1	1005				
10150744	10150745		1	10200				
10150745	10150746		1	10200				
10150746	10150747		1	1005				
10150747	10150748		1	10200				
10150748	10150749		1	10200				
10150749	10150750		1	10200				
10150750	10150751		1	10234				
10150751	10150752		1	10233				
10150752	10150753		1	10234				
10150753	10150754		1	1005				
10150754	10150755		1	10232				
10150755	10150756		1	10232				
10150756	10150757		1	10200				
10150757	10150758		1	10200				
10150758	10150759		1	10235				
10150759	10150760		1	10200				
10150760			1	10200				
10151101	10151102		1	10232				
10151102	10151103		1	1005				
10151103	10151104		1	10232				
10151104	10151105		2					
10151105	10151106,10151107		1	10232				
10151106	10151108		2					
10151107	10151108		2					
10151108	10151109		1	10232				
10151109	10151110		1	10232				
10151110	10151111,10151112		1	10232				
10151111	10151113		2					
10151112	10151113		2					
10151113	10151114		1	10232				
10151114	10151115		1	10232				
10151115	10151116		1	1005				
10151116			1	10232				
1015090101			1	10233				
1015070101			1	10233				
1015070201	1015070202		1	10234				
1015070202			1	10234				
1015070301	1015070302		1	10255				
1015070302	1015070303		1	10255				
1015070303			1	10255				
1015070401	1015070402		1	10255				
1015070402	1015070403		1	10255				
1015070403			1	10255				
10160101	10160102		1	10232				
10160102	10160103		1	10232				
10160103	10160104	1	2	 				
10160104	10160105		1	10232				
10160105	10160106	1	2	 				
10160106	10160107		1	214801				
10160107	10160108		1	1005				
10160108	10160109		1	10232				
10160109	10160110		1	10232				
10160110	10160111		1	214801				
10160111	10160112		1	214801				
10160112	10160113		1	214801				
10160113	10160201		1	214801				
10160201	10160202		1	214801				
10160202	10160203		1	214801				
10160203	10160204		1	1005				
10160204	10160205		1	1005				
10160205	10160207		1	1005				
10160207	10160208		1	1015				
10160208	10160209		1	1005				
10160209	10160210	1	2	 				
10160210	10160211		1	1015				
10160211	10160212,10160213		1	1015				
10160212	10160214		2	 				
10160213	10160214		2	 				
10160214	10160215		1	1015				
10160215	10160216		1	1005				
10160216	10160217		1	1015				
10160217	10160218		1	1015				
10160218	10160219		1	1015				
10160219	10160220		1	1005				
10160220	10160221		1	1015				
10160221	10160222		1	1015				
10160222	10160223		1	1015				
10160223			1	1015				
10161001	10161002		1	1005				
10161002	10161003		1	1005				
10161003	10161004,10161005		1	1005				
10161004	10161006		2					
10161005	10161006		2					
10161006	10161007		1	10232				
10161007	10161008		1	10232				
10161008			1	1005				
10160301	10160302		1	10232				
10160302			1	10232				
10160401	10160402		1	2003008				
10160402			1	2003008				
10160411	10160412		1	2003009				
10160412			1	2003009				
10160421	10160422		1	2003010				
10160422	10160423		1	2003010				
10160423			1	2003010				
10160431	10160432		1	2003011				
10160432			1	2003011				
10160441	10160442		1	2003012				
10160442			1	2003012				
10200101	10200102,10200103		1	1005				
10200102	10200104		2					
10200103	10200104		2					
10200104	10200105		1	1005				
10200105	10200106,10200107		1	1005				
10200106	10200108		2					
10200107	10200108		2					
10200108	10200109		1	1005				
10200109	10200110		1	1005				
10200110			1	1005				
10200201	10200202		1	1005				
10200202	10200203,10200205		1	1005				
10200203	10200204		2					
10200204			1	1005				
10200205	10200206		2					
10200206			1	1005				
10200701	10200702		1	1005				
10200702	10200703		1	1005				
10200703	10200704	1	2					
10200704	10200705		1	1005				
10200705	10200706	1	2					
10200706	10200707		1	1005				
10200707	10200708		1	1005				
10200708	10200709		1	1005				
10200709	10200710		1	1005				
10200710	10200711		1	1005				
10200711	10200712,10200714		1	1005				
10200712	10200713		2					
10200713	10200716		1	1005				
10200714	10200715		2					
10200715	10200716		1	1005				
10200716	10200717	1	2					
10200717	10200718		1	1005				
10200718			1	1005				
10200401	10200402		1	10262				
10200402	10200403,10200404		1	10262				
10200403	10200405		2					
10200404	10200405		2					
10200405	10200406		1	1005				
10200406	10200407		1	1005				
10200407	10200408		1	1005				
10200408	10200409,10200410		1	1005				
10200409	10200411		2					
10200410	10200411		2					
10200411	10200412		1	1005				
10200412	10200413		1	10262				
10200413	10200414		1	10263				
10200414			1	1005				
10200601	10200602		1	10262				
10200602	10200603		1	10262				
10200603	10200604		1	1005				
10200604	10200605	1	2					
10200605	10200606		1	1016				
10200606	10200607		1	1005				
10200607	10200608		1	1016				
10200608	10200609		1	1016				
10200609	10200610		1	1005				
10200610	10200611		1	1016				
10200611	10200612		1	1016				
10200612	10200613		1	1005				
10200613	10200614		1	1016				
10200614	10200615		1	1016				
10200615	10200616		1	1005				
10200616	10200617	1	2					
10200617	10200618		1	1016				
10200618	10200619,10200620		1	1005				
10200619	10200621		2					
10200620	10200621		2					
10200621	10200622		1	1005				
10200622	10200623		1	1016				
10200623	10200624		1	1016				
10200624	10200625		1	1005				
10200625	10200626		1	1016				
10200626	10200627		1	1005				
10200627	10200628		1	1016				
10200628	10200629		1	1016				
10200629	10200630		1	1016				
10200630	10200631		1	1005				
10200631	10200632		1	1005				
10200632	10200633		1	1016				
10200633	10200634		1	1016				
10200634	10200635		1	1016				
10200635	10200636		1	1016				
10200636	10200637,10200638		1	1016				
10200637	10200639		2					
10200638	10200639		2					
10200639	10200640		1	1016				
10200640	10200641		1	1016				
10200641	10200642		1	1005				
10200642	10200643		1	1016				
10200643	10200644		1	1016				
10200644	10200645		1	1016				
10200645	10200646,10200647		1	1005				
10200646	10200648		2					
10200647	10200648		2					
10200648	10200649		1	1005				
10200649	10200650		1	1005				
10200650	10200651	1	2					
10200651	10200652		1	1016				
10200652	10200653		1	1016				
10200653	10200654		1	1016				
10200654	10200655,10200656		1	1005				
10200655	10200657		2					
10200656	10200657		2					
10200657	10200658		1	1005				
10200658	10200659	1	2					
10200659	10200660		1	1005				
10200660	10200661		1	1005				
10200661	10200662,10200664		1	1005				
10200662	10200663		2					
10200663	10200666		1	1005				
10200664	10200665		2					
10200665	10200666		1	1005				
10200666			1	1005				
10210201	10210202		1	1005				
10210202	10210203,10210205		1	1005				
10210203	10210204		2					
10210204	10210207		1	1005				
10210205	10210206		2					
10210206	10210207		1	1005				
10210207			1	1005				
10210801	10210802		1	10287				
10210802	10210803		1	1005				
10210803	10210804		1	10287				
10210804	10210805	1	2					
10210805	10210806		1	10287				
10210806	10210807		1	10287				
10210807	10210808		1	10287				
10210808	10210809		1	10287				
10210809	10210810	1	2					
10210810	10210811		1	1005				
10210811	10210812		1	10287				
10210812	10210813		1	1005				
10210813	10210814		1	10287				
10210814	10210815		1	10287				
10210815			1	1005				
10211101	10211102		1	1005				
10211102	10211103		1	2020				
10211103	10211104		1	2020				
10211104	10211105		1	2020				
10211105	10211106		1	1005				
10211106	10211107		1	1005				
10211107	10211108		1	2020				
10211108	10211109		1	1005				
10211109	10211110		1	1005				
10211110	10211111		1	1005				
10211111	10211112		1	2020				
10211112	10211113		1	1005				
10211113	10211114	1	2					
10211114			1	1005				
10210301	10210302		1	1005				
10210302	10210303		1	1005				
10210303	10210304		1	2456				
10210304	10210305		1	1005				
10210305	10210306		1	2456				
10210306	10210307		1	1005				
10210307			1	2456				
10210310	10210311		1	2456				
10210311	10210312		1	1005				
10210312	10210313		1	1005				
10210313			1	2456				
10210401	10210402		1	10211				
10210402	10210403		1	1005				
10210403	10210404		1	1005				
10210404	10210405		1	10211				
10210405	10210406,10210408		1	1005				
10210406	10210407		2					
10210407	10210409		1	10211				
10210408	10210409		2					
10210409	10210410		1	10211				
10210410	10210411		1	10211				
10210411	10210412		1	10211				
10210412	10210413		1	10211				
10210413	10210414	1	2					
10210414	10210415		1	10211				
10210415	10210416		1	10211				
10210416	10210417		1	1005				
10210417	10210418		1	10211				
10210418	10210419		1	1005				
10210419	10210420		1	10211				
10210420	10210421		1	10211				
10210421	10210422		1	1005				
10210422	10210423	1	2					
10210423	10210424		1	10211				
10210424	10210425		1	1005				
10210425	10210426		1	10211				
10210426	10210427		1	10211				
10210427	10210428	1	2					
10210428			1	10211				
10211301	10211302,10211303		1	10211				
10211302	10211304		2					
10211303	10211304		2					
10211304	10211305		1	10211				
10211305	10211306		1	10211				
10211306	10211307		1	10211				
10211307	10211308		1	10211				
10211308	10211309		1	10211				
10211309	10211310		1	10211				
10211310	10211311		1	10211				
10211311	10211312	1	2					
10211312	10211313		1	10211				
10211313	10211314		1	10211				
10211314	10211315		1	10211				
10211315	10211316		1	10211				
10211316	10211317		1	1005				
10211317	10211318,10211319		1	10211				
10211318	10211320		2					
10211319	10211320		2					
10211320	10211321		1	1005				
10211321	10211322		1	10211				
10211322	10211323		1	1005				
10211323			1	10211				
10210601	10210602		1	1005				
10210602	10210603		1	10211				
10210603	10210604		1	1005				
10210604	10210605		1	10211				
10210605	10210606	1	2					
10210606	10210607		1	1005				
10210607	10210608		1	10211				
10210608	10210609		1	1005				
10210609	10210610		1	10211				
10210610	10210611		1	10211				
10210611	10210612		1	10211				
10210612	10210613,10210614		1	10211				
10210613	10210615		2					
10210614	10210615		2					
10210615	10210616		1	10211				
10210616	10210617		1	10211				
10210617	10210618		1	10211				
10210618	10210619		1	10211				
10210619	10210620		1	10211				
10210620	10210621	1	2					
10210621	10210622		1	10211				
10210622	10210623		1	10211				
10210623	10210624		1	10211				
10210624	10210625		1	10211				
10210625	10210626		1	1005				
10210626	10210627		1	1005				
10210627	10210628		1	10211				
10210628	10210629		1	1005				
10210629	10210630	1	2					
10210630	10210631		1	10211				
10210631	10210632		1	10211				
10210632	10210633		1	1005				
10210633	10210634		1	1005				
10210634	10210635	1	2					
10210635	10210636		1	1005				
10210636			1	1005				
10211201	10211202		1	1005				
10211202	10211203		1	1005				
10211203	10211204		1	1005				
10211204	10211205		1	1005				
10211205	10211206		1	1005				
10211206	10211207		1	1005				
10211207	10211208		1	1005				
10211208	10211209		1	1005				
10211209	10211210,10211211		1	1005				
10211210	10211212		2					
10211211	10211212		2					
10211212	10211213		1	1005				
10211213	10211214		1	1005				
10211214	10211215	1	2					
10211215	10211216		1	1005				
10211216	10211217		1	1005				
10211217	10211218		1	1005				
10211218			1	1005				
10220201	10220202,10220203		1	1005				
10220202	10220204		2					
10220203	10220204		2					
10220204	10220205		1	1005				
10220205	10220206		1	1005				
10220206	10220207		1	1005				
10220207	10220208	1	2					
10220208	10220209		1	1005				
10220209	10220210		1	1005				
10220210	10220211		1	1005				
10220211	10220212,10220213		1	1005				
10220212	10220214		2					
10220213	10220214		2					
10220214	10220215		1	1005				
10220215	10220216		1	1005				
10220216	10220217		1	1005				
10220217			1	1005				
10220301	10220302		1	10232				
10220302	10220303		1	10232				
10220303	10220304		1	1005				
10220304	10220305		1	10232				
10220305	10220306		1	10232				
10220306	10220307		1	1005				
10220307	10220308	1	2					
10220308	10220309		1	1005				
10220309	10220310		1	10232				
10220310	10220311		1	1005				
10220311	10220312		1	10232				
10220312	10220313		1	10232				
10220313	10220314,10220315		1	10232				
10220314	10220316		2					
10220315	10220316		2					
10220316	10220317		1	10232				
10220317	10220318		1	10232				
10220318	10220319		1	1005				
10220319	10220320,10220321		1	10232				
10220320	10220322		2					
10220321	10220322		2					
10220322	10220323		1	1005				
10220323	10220324		1	10232				
10220324	10220325		2					
10220325	10220326		1	10232				
10220326	10220327		1	10232				
10220327	10220328		1	1005				
10220328	10220329		1	10232				
10220329	10220330		1	1005				
10220330	10220331		1	1005				
10220331	10220332		1	10232				
10220332	10220333		1	10232				
10220333	10220334		1	10232				
10220334	10220335		1	10232				
10220335	10220336		1	10232				
10220336	10220337,10220339		1	10232				
10220337	10220338		2					
10220338	10220341		1	10232				
10220339	10220340		2					
10220340	10220341		1	10232				
10220341	10220342,10220343		1	1005				
10220342	10220344		2					
10220343	10220344		2					
10220344	10220345		1	1005				
10220345	10220346		1	10232				
10220401	10220402		1	1005				
10220402	10220403	1	2					
10220403			2					
10220601	10220602		1	1005				
10220602	10220603	1	2					
10220603	10220604		1	10232				
10220604	10220605		1	10232				
10220605	10220606		1	10232				
10220606	10220607		1	1005				
10220607	10220608		1	10232				
10220608	10220609		1	1005				
10220609	10220610		1	1015				
10220610	10220611		1	1015				
10220611	10220612,10220614		1	1005				
10220612	10220613		2					
10220613	10220617		1	1015				
10220614	10220615		2					
10220615	10220616		1	1015				
10220616	10220617		1	1015				
10220617	10220618		1	1015				
10220618	10220619		1	1005				
10220619	10220620		1	1015				
10220620	10220621,10220622		1	1005				
10220621	10220623		2					
10220622	10220623		2					
10220623	10220624		1	1015				
10220624	10220625		1	1015				
10220625	10220626		1	1005				
10220626	10220627		1	1005				
10220627	10220628		1	1015				
10220628	10220629		1	1005				
10220629	10220630		1	1015				
10220630	10220631		1	1015				
10220631	10220632		1	1015				
10220632	10220633		1	1005				
10220633	10220634		1	1015				
10220634	10220635		1	1015				
10220635	10220636	1	2					
10220636	10220666		1	1015				
10220666	10220637		1	1015				
10220637	10220638		1	1015				
10220638	10220639		1	1015				
10220639	10220640		1	10232				
10220640	10220641		1	1015				
10220641	10220642		1	1015				
10220642	10220643		1	1015				
10220643	10220644		1	1015				
10220644	10220645		1	1005				
10220645	10220646		1	1015				
10220646	10220647,10220648		1	1015				
10220647	10220649		2					
10220648	10220649		2					
10220649	10220650		1	1015				
10220650	10220651		1	1015				
10220651	10220652		1	10232				
10220652	10220653		1	1005				
10220653	10220654		1	1015				
10220654	10220655		1	1005				
10220655	10220656		1	1015				
10220656	10220657		1	1015				
10220657	10220658		1	10232				
10220658	10220659		1	10232				
10220659	10220660	1	2					
10220660	10220661		1	1005				
10220661	10220662		1	10232				
10220662	10220663		1	10232				
10220663	10220664		1	10232				
10220664	10220665		1	1005				
10220665			1	1005				
10220801	10220802		1	10272				
10220802	10220803		1	10272				
10220803	10220804		1	10232				
10220804	10220805		1	10272				
10220805	10220806		1	10232				
10220806	10220807		1	10272				
10220807	10220808		1	10272				
10220808	10220809		1	10232				
10220809	10220810		1	10272				
10220810	10220811		1	10232				
10220811	10220812		1	10272				
10220812	10220813		1	10232				
10220813	10220814		1	10272				
10220814	10220815		1	10272				
10220815	10220816		1	10272				
10220816	10220817		1	10272				
10220817	10220818,10220819		1	1005				
10220818	10220820		2					
10220819	10220820		2					
10220820	10220821		1	10232				
10220821	10220822		1	10232				
10220822	10220823		1	10272				
10220823	10220824		1	10232				
10220824	10220825		1	10232				
10220825	10220827		1	10232				
10220827	10220828		1	1005				
10220828	10220829,10220830,10220831		1	1005				
10220829	10220832		2					
10220830	10220832		2					
10220831	10220832		2					
10220832	10220833		1	1005				
10220833	10220834		1	1005				
10220834	10220835		1	1005				
10220835	10220836,10220837		1	1005				
10220836			2					
10220837			2					
10230301	10230302		1	1005				
10230302	10230303		1	1005				
10230303	10230304,10230305		1	1005				
10230304	10230306		2					
10230305	10230306		2					
10230306	10230307		1	1005				
10230307	10230308		1	1005				
10230308	10230309,10230310		1	1005				
10230309	10230311		2					
10230310	10230311		2					
10230311	10230312		1	1005				
10230312	10230313		1	1005				
10230313	10230314,10230315		1	1005				
10230314	10230315		2					
10230315	10230316		2					
10230316	10230317		1	1005				
10230317			1	1005				
10230401	10230402		2					
10230402	10230403		1	1005				
10230403	10230404		2					
10230404	10230405		1	10200				
10230405	10230406		2					
10230406	10230407		1	10200				
10230407	10230408		1	10200				
10230408	10230409		2					
10230409	10230410		2					
10230410	10230411		2					
10230411	10230412		2					
10230412	10230413		1	1005				
10230413	10230414		2					
10230414	10230415		1	10200				
10230415	10230416		1	1005				
10230416	10230417		2					
10230417	10230418		1	10200				
10230418	10230419		1	1005				
10230419	10230420		2					
10230420	10230421		2					
10230421	10230422		1	10200				
10230422	10230423		1	10200				
10230423	10230424		1	10200				
10230424	10230425		2					
10230425	10230426		1	1005				
10230426	10230427		2					
10230427	10230428		1	10200				
10230428	10230429		1	10200				
10230429	10230430		1	10200				
10230430	10230431		1	10200				
10230431	10230432		1	1005				
10230432	10230433		2					
10230433	10230434		1	10200				
10230434	10230435		2					
10230435	10230436		1	10200				
10230436	10230437		1	10200				
10230437	10230438		1	10200				
10230438	10230439		1	10200				
10230439	10230440		1	10200				
10230440	10230441		1	1005				
10230441	10230442		2					
10230442	10230443		1	10200				
10230443	10230444		1	10200				
10230444	10230445		1	10200				
10230445	10230446		1	10200				
10230446	10230447		2					
10230447	10230448		2					
10230448	10230449		1	1005				
10230449	10230450		1	1005				
10230450	10230451		1	1005				
10230451	10230452		2					
10230452	10230453		1	1005				
10230453	10230454		1	1005				
10230454			2					
10230460	10230461							
10230461	10230462							
10230462	10230463							
10230463								
10230201	10230202		1	10200				
10230202	10230203		1	1005				
10230203	10230204		1	10200				
10230204	10230205,10230208		1	10200				
10230205	10230206		2					
10230206	10230207		1	10200				
10230207	10230211		1	10200				
10230208	10230209		2					
10230209	10230210		1	10200				
10230210	10230211		1	10200				
10230211	10230212		1	10200				
10230212	10230213		1	1005				
10230213	10230214		1	10200				
10230214	10230215,10230216		1	10200				
10230215	10230217		2					
10230216	10230217		2					
10230217	10230218		1	10200				
10230218	10230219		1	10200				
10230219	10230220		1	10200				
10230220	10230221		1	10200				
10230221	10230222		1	1005				
10230222	10230223		1	10200				
10230223	10230224		1	10200				
10230224	10230225		1	10200				
10230225	10230226		1	10200				
10230226	10230227		1	10200				
10230227	10230228		1	1005				
10230228	10230229		1	10200				
10230229	10230230		1	10200				
10230230	10230231	1	2					
10230231	10230232		1	10200				
10230232			1	10200				
10230501	10230502		1	10200				
10230502	10230546		1	1005				
10230546	10230503		1	10200				
10230503	10230504		1	10200				
10230504	10230505		1	10200				
10230505	10230506		1	10200				
10230506	10230507		1	1005				
10230507	10230508,10230509		1	10200				
10230508	10230510		2					
10230509	10230510		2					
10230510	10230511		1	10200				
10230511	10230512		1	10200				
10230512	10230513		1	10200				
10230513	10230514		1	10200				
10230514	10230515		1	1005				
10230515	10230516		1	10200				
10230516	10230517		1	10200				
10230517	10230518		1	10200				
10230518	10230519,10230520		1	1005				
10230519	10230521		2					
10230520	10230521		2					
10230521	10230522		1	10200				
10230522	10230523		1	10200				
10230523	10230524		1	10200				
10230524	10230525		1	1005				
10230525	10230526		1	10200				
10230526	10230527		1	10200				
10230527	10230528		1	10200				
10230528	10230529		1	1005				
10230529	10230530		1	10200				
10230530	10230531		1	1005				
10230531	10230532		1	10200				
10230532	10230533		1	10200				
10230533	10230534		1	10200				
10230534	10230535		1	1005				
10230535	10230536		1	10200				
10230536	10230537		1	1005				
10230537	10230538,10230539		1	1005				
10230538	10230540		2					
10230539	10230540		2					
10230540	10230541		1	10200				
10230541	10230544		1	10200				
10230544	10230545		1	10200				
10230545			1	10200				
10230601			1	10200				
10230602			1	10200				
10230603			2					
10230604			2					
10230605			1	1005				
10230606			2					
10230607			2					
10230608			1	1005				
10230609			1	1005				
10230610			2					
10230611			2					
10230612			1	1005				
10230613			2					
10230614			2					
10240201	10240202		1	1005				
10240202	10240203		1	1005				
10240203	10240204		1	1005				
10240204	10240205		1	10204				
10240205	10240206		1	1005				
10240206	10240207		1	10211				
10240207	10240208		1	10286				
10240208	10240209		1	1005				
10240209	10240210		1	1005				
10240210	10240211		1	1016				
10240211	10240212		1	1016				
10240212	10240213		1	1005				
10240213	10240214		1	10204				
10240214	10240215		1	1005				
10240215	10240216		1	10211				
10240216	10240217		1	1005				
10240217	10240218		1	10285				
10240218	10240219		1	1005				
10240219	10240220		1	10285				
10240220	10240221		1	10285				
10240221	10240222		1	10285				
10240222	10240223		1	10211				
10240223	10240224		1	10211				
10240224			1	10211				
10240301			1	10211				
10240302			1	10211				
10240303			1	10211				
10240304			1	1005				
10240305			1	10211				
10240306			1	10048				
10240307			1	10324				
10240308			1	1005				
10240309			2					
10240310			2					
10240311			2					
10240312			2					
10240313			1	1016				
10240314			2					
10240315			2					
10240316			1	10048				
10240317			1	10324				
10240318			1	1659				
10240319			1	1016				
10240320			2					
10240321			2					
10240322			1	1016				
10240323			2					
10240324			2					
10240325			2					
10240326			2					
10240501			1	1016				
10240502			1	1016				
10240503			1	1016				
10240504			1	10324				
10240505			1	1016				
10240506			1	10324				
10240507			1	10286				
10240508			1	1016				
10240509			1	10286				
10240510			2					
10240511			2					
10240512			1	1005				
10240513			2					
10240514			2					
10240515			1	10211				
10240516			2					
10240517			2					
10240518			1	1016				
10240519			1	1016				
10240520			1	10262				
10240521			1	10262				
10240522			1	10262				
10240523			1	10262				
10240524			1	10262				
10240525			2					
10240526			2					
10240527			1	1005				
10240528			2					
10240529			2					
10240530			1	10204				
10240531			2					
10240532			2					
10240533			1	10204				
10240534			1	10262				
10240535			2					
10240536			2					
10240537			2					
10240538			2					
10240539			1	10204				
10240540			2					
10240541			2					
10240542			1	10285				
10240543			2					
10240544			2					
10240545			1	1015				
10240546			1	1015				
10240547			1	1015				
10240548			1	10211				
10240549			1	1015				
10240550			1	1015				
10240551			1	10211				
10240552			1	10285				
10240553			1	10204				
10240554			1	10211				
10240555			1	10211				
10240556			1	10211				
10240557			1	10211				
10240558			1	10211				
10240559			2					
10240560			2					
10240561			2					
10240562			2					
10240563			1	1016				
10240564			1	1016				
10240565			1	1005				
10240566			2					
10240567			2					
10240568			1	1005				
10250101	10250102		1	1005				
10250102	10250103		1	10286				
10250103	10250104		1	10286				
10250104	10250105		1	10286				
10250105	10250106		1	10211				
10250106	10250107		1	10285				
10250107	10250108		1	2093				
10250108	10250109		1	2093				
10250109	10250110		1	2093				
10250110	10250111		1	2093				
10250111	10250112		1	2093				
10250112	10250113		1	10211				
10250113	10250114		1	2093				
10250114	10250115		1	10211				
10250115	10250116		1	10286				
10250116	10250117		1	10211				
10250117	10250118		1	10211				
10250118	10250119		1	10211				
10250119	10250120		1	10211				
10250120	10250121		1	10286				
10250121	10250122		1	10284				
10250122	10250123		1	10211				
10250123	10250124		1	10285				
10250124	10250125		1	10211				
10250125	10250126		1	10285				
10250126	10250127		1	10211				
10250127	10250128		1	10211				
10250128	10250129		1	10211				
10250129	10250130		1	1005				
10250130	10250131	1	2					
10250131	10250132		1	10285				
10250132	10250133	1	2					
10250133	10250134	1	2					
10250134	10250135		1	1005				
10250135	10250136		1	1005				
10250136	10250137	1	2					
10250137	10250138		1	1016				
10250138	10250139		1	10284				
10250139	10250140		1	10284				
10250140	10250141		1	2093				
10250141	10250142		1	2071				
10250142	10250143		1	10286				
10250143	10250144		1	2071				
10250144	10250145		1	2071				
10250145	10250146		1	2071				
10250146	10250147		1	10286				
10250147	10250148		1	10204				
10250148	10250149		1	2025				
10250149	10250150		1	2093				
10250150	10250151		1	2025				
10250151	10250152		1	2025				
10250152	10250153		1	2025				
10250153	10250154		1	10204				
10250154	10250155		1	2025				
10250155	10250156		1	10204				
10250156	10250157		1	2025				
10250157	10250158		1	1005				
10250158	10250159		1	2093				
10250159	10250160		1	2093				
10250160	10250161		1	2093				
10250161	10250162		1	2093				
10250162	10250163		1	10284				
10250163	10250164		1	10285				
10250164	10250165,10250166		1	1005				
10250165	10250167		2					
10250166	10250167		2					
10250167	10250168		1	10204				
10250168	10250169		1	10286				
10250169	10250170		1	2093				
10250170	10250171		1	10284				
10250171	10250172		1	10284				
10250172	10250173		1	10284				
10250173	10250174		1	10286				
10250174	10250175		1	10286				
10250175	10250176		1	10286				
10250176	10250177		1	10211				
10250177	10250178		1	2093				
10250178	10250179,10250180		1	1005				
10250179	10250181		2					
10250180	10250181		2					
10250181	10250182		1	1005				
10250182	10250183		1	1005				
10250183	10250184		1	1005				
10250184			1	1005				
10251501	10251502		1	208401				
10251502	10251503		1	1005				
10251503	10251504		1	208401				
10251504	10251505		1	1005				
10251505	10251506		1	1005				
10251506	10251507		1	1005				
10251507			1	1005				
10250201	10250202		1	10200				
10250202	10250203		1	1017				
10250203	10250204		1	1017				
10250204	10250205		1	1005				
10250205	10250206	1	2					
10250206	10250207		1	1017				
10250207	10250208,10250209		1	1017				
10250208	10250213		2					
10250209	10250210		2					
10250210	10250211		1	1005				
10250211	10250212		1	1005				
10250212	10250213		1	1005				
10250213	10250214		1	10200				
10250214	10250215		1	1005				
10250215	10250216		1	10200				
10250216	10250217		1	10200				
10250217	10250218		1	10200				
10250218	10250219,10250220		1	10200				
10250219	10250221		2					
10250220	10250221		2					
10250221	10250222		1	10200				
10250222	10250223		1	1017				
10250223	10250224,10250225		1	1017				
10250224	10250226		2					
10250225	10250226		2					
10250226	10250227		1	1005				
10250227	10250228		1	10232				
10250228	10250229		1	10232				
10250229	10250230,10250231		1	1017				
10250230	10250232		2					
10250231	10250232		2					
10250232	10250233		1	1005				
10250233	10250234		1	1005				
10250234	10250235,10250236		1	10232				
10250235	10250237		2					
10250236	10250237		2					
10250237	10250238		1	1005				
10250238	10250239		1	1017				
10250239	10250240		1	1005				
10250240	10250241		1	10232				
10250241	10250242		1	10232				
10250242	10250243		1	10232				
10250243	10250244		1	10232				
10250244	10250245		1	10232				
10250245	10250246		1	1005				
10250246	10250247		1	10232				
10250247	10250248		1	10232				
10250248	10250249,10250251		1	10232				
10250249	10250250		2					
10250250	10250253		1	10232				
10250251	10250252		2					
10250252	10250253		1	10232				
10250253	10250254		1	1005				
10250254	10250255		1	1017				
10250255	10250256		1	1017				
10250256	10250257		1	10232				
10250257	10250258		1	10232				
10250258	10250259		1	10232				
10250259	10250260		1	10232				
10250260	10250261		1	10232				
10250261	10250262		1	10232				
10250262	10250263		1	10232				
10250263	10250264		1	1005				
10250264	10250265		1	10232				
10250265	10250266		1	10200				
10250266	10250267		1	1017				
10250267	10250268		1	1017				
10250268	10250269,10250271		1	10200				
10250269	10250270		2					
10250270	10250273		1	10200				
10250271	10250272		2					
10250272	10250273		1	10200				
10250273	10250274		1	1017				
10250274	10250275		1	10200				
10250275	10250276		1	1017				
10250276	10250277,10250278		1	10232				
10250277	10250279		2					
10250278	10250279		2					
10250279	10250280		1	1005				
10250280	10250281		1	10232				
10250281	10250282		1	1005				
10250282	10250283		1	10232				
10250283	10250284		1	10232				
10250284	10250285		1	10232				
10250285			1	10232				
10250301	10250302		1	205501				
10250302	10250303		1	203801				
10250303	10250304		1	205501				
10250304	10250305		1	205501				
10250305	10250306		1	203801				
10250306			1	205501				
10250401	10250402		1	203401				
10250402	10250403		1	203501				
10250403	10250404		1	203401				
10250404	10250405		1	203501				
10250405	10250406		1	203501				
10250406	10250407		1	203501				
10250407			1	203401				
10250501	10250502		1	207101				
10250502	10250503		1	207101				
10250503	10250504		1	207101				
10250504	10250505		1	207101				
10250505	10250506		1	207101				
10250506	10250507		1	207101				
10250507	10250508,10250509		1	1005				
10250508	10250510		2					
10250509	10250510		2					
10250510	10250511		1	1005				
10250511	10250512		1	1005				
10250512	10250513		1	1005				
10250513	10250514,10250515		1	1005				
10250514	10250516		2					
10250515	10250516		2					
10250516			1	1005				
10250601	10250602		1	1005				
10250602	10250603		1	10211				
10250603	10250604		1	205401				
10250604	10250605		1	10211				
10250605	10250606		1	208301				
10250606	10250607		1	209301				
10250607	10250608		1	10211				
10250608	10250609		1	10211				
10250609	10250610		1	1015				
10250610	10250611		1	1015				
10250611	10250612		1	1005				
10250612	10250613		1	1016				
10250613	10250614		1	1005				
10250614	10250615		1	1005				
10250615	10250616		1	1005				
10250616	10250617		1	1016				
10250617	10250618		1	1016				
10250618	10250619		1	1005				
10250619	10250620	1	2					
10250620			2					
10250701			1	209301				
10250801	10250802		1	208301				
10250802	10250803		1	208301				
10250803			1	208301				
10250901	10250902		1	205401				
10250902	10250903		1	205401				
10250903			1	205401				
10251801			1	10211				
10251901	10251902		1	1016				
10251902			1	1016				
10252101			1	1015				
10251001	10251002		1	1005				
10251002	10251003		1	1005				
10251003	10251004		1	1005				
10251004	10251005		1	10232				
10251005	10251006		1	10232				
10251006	10251007		1	1005				
10251007	10251008		1	10232				
10251008	10251009,10251011		1	10232				
10251009	10251010		2					
10251010	10251012		1	1005				
10251011	10251012		2					
10251012	10251013		1	10232				
10251013	10251014		1	10232				
10251014	10251015		1	1005				
10251015	10251016		1	1005				
10251016	10251017		1	10232				
10251017	10251018		1	10232				
10251018	10251019		1	10232				
10251019	10251020		1	10232				
10251020	10251021		1	10232				
10251021	10251022	1	2					
10251022	10251023		1	10232				
10251023	10251024		1	1005				
10251024	10251025,10251027		1	10232				
10251025	10251026		2					
10251026	10251028		1	10232				
10251027	10251028		2					
10251028	10251029		1	10232				
10251029	10251030		1	1005				
10251030	10251031,10251032		1	10232				
10251031	10251033		2					
10251032	10251033		2					
10251033	10251034		1	1005				
10251034	10251035		1	1005				
10251035	10251036		1	10232				
10251036	10251037		1	1005				
10251037	10251038		1	10232				
10251038	10251039		1	10232				
10251039	10251040		1	10232				
10251040	10251041		1	1005				
10251041	10251042		1	10232				
10251042	10251043		1	1005				
10251043	10251044		1	10232				
10251044	10251045		1	1005				
10251045	10251046		1	10232				
10251046	10251047		1	1005				
10251047	10251048		1	10232				
10251048	10251049		1	10232				
10251049	10251050		1	10232				
10251050	10251051		1	10232				
10251051	10252001	1	2					
10252001	10252002,10252007,10252012,10252019,10252017		1	10232				
10252002	10252003		2					
10252003	10252004		1	10232				
10252004	10252005		1	10232				
10252005	10252006		1	10232				
10252006	10252001		1	10232				
10252007	10252008		2					
10252008	10252009		1	1005				
10252009	10252010		1	10232				
10252010	10252011		1	10232				
10252011	10252001		1	10232				
10252012	10252013		2					
10252013	10252014		1	10232				
10252014	10252015		1	10232				
10252015	10252016		1	10232				
10252016	10252001		1	10232				
10252017	10252018		2					
10252018			1	10232				
10252019	10252020		2					
10252020	10252021		1	1005				
10252021	10252022		1	1005				
10252022	10252023		1	1005				
10252023	10252024		1	10232				
10252024	10252025		1	1005				
10252025	10252026		1	10232				
10252026	10252027		1	10232				
10252027	10252028		1	1005				
10252028	10252029		1	10232				
10252029	10252030		1	10232				
10252030	10252031		1	1005				
10252031	10252001		1	10232				
10252501			1	2003008				
10252601	10252602		1	2003009				
10252602			1	2003009				
10252701	10252702		1	2003010				
10252702			1	2003010				
10252801	10252802		1	2003011				
10252802			1	2003011				
10252901	10252902		1	2003012				
10252902			1	2003012				
10253001			1	10319				
10253101			1	10320				
10253201			1	10321				
10252201			1	1005				
10252202			1	1005				
10252203			1	1005				
10252204			1	1005				
10252205			1	1005				
10252206			1	1005				
10252207			1	1005				
10252208			1	1005				
10252209			1	10232				
10252210			1	10232				
10252211			1	1005				
10252212			1	1005				
10252213			1	1005				
10252214			1	1005				
10252215			1	1005				
10213001	10213002		1	2020				
10213002			1	2020				
10213101	10213102		1	10211				
10213102	10213103		1	10211				
10213103	10213104,10213106		1	10211				
10213104	10213105		2					
10213105			1	10211				
10213106	10213107		2					
10213107			1	10211				
10223001	10223002		1	10272				
10223002			1	10272				
10254001			1	208401				
10253301	10253302		1	10232				
10253302			1	10232				
10253401	10253402		1	1005				
10253402	10253403		1	1005				
10253403	10253404		1	10232				
10253404			1	1005				
