ID
100110
100111
100112
100171
100172
100173
100178
100179
100180
100181
100182
100183
100184
100185
100188
100189
100190
100191
100192
100193
100194
100195
100196
100197
100198
100199
100200
100201
100202
100203
100204
100205
100206
100207
100208
100213
100214
100215
100216
100217
100218
100219
100220
100221
100222
100223
100224
100226
100227
100228
100229
100230
100239
100240
100241
100242
100246
100348
100350
100352
100354
100357
100358
100359
100360
100236
100361
100364
100366
100367
100368
100369
100387
100388
100389
100390
100391
100392
100393
100394
100399
100400
100401
100402
100403
100404
100405
100406
100407
100408
100409
100410
100411
100412
100413
100414
100415
100416
100417
100418
100419
100426
100427
100431
100432
100433
100434
100435
100436
100437
100438
100439
100440
100441
100442
100443
100444
100445
100452
100460
100461
100462
100463
100464
100465
100466
100469
100470
100471
100480
100481
100482
100483
100484
100507
100508
100509
100537
100538
100539
100562
100564
100565
100566
100567
100568
100569
100570
100571
100572
100573
100574
100575
100576
100577
100578
100579
100580
100586
100587
100588
100589
100590
100591
100592
100593
100601
100607
100608
100609
100610
100611
100612
100613
100614
100615
100616
100245
100617
100624
100637
100638
100639
100640
100641
100642
100643
100644
100645
100691
100692
100693
100703
100706
100707
100708
100711
100712
100715
100834
100730
100731
100732
100733
100734
100735
100736
100740
100763
100767
100783
100784
100785
100786
100787
100788
100841
100842
100843
100844
100845
100851
100860
100832
100833
100905
100798
100799
100800
100801
100802
100803
100804
100805
100806
100906
100807
100808
100809
100810
100907
100868
100869
100870
100871
100872
100873
100874
100915
100916
100979
100988
100989
100990
100991
100899
100992
101543
101606
101607
101608
101523
101524
101525
101526
101527
101528
101529
101530
101531
101532
101533
101534
101535
101536
101537
101541
101540
101548
101549
101550
101551
101552
101553
101554
101555
101556
101557
101558
101559
101560
101588
101590
101596
101597
101598
101599
101601
101670
100969
100970
100971
100972
100973
100974
100975
100978
100986
100987
101580
101507
101508
101509
101510
101511
101512
100891
100929
101613
101614
101615
101616
101666
101660
101664
101672
101674
101679
101680
101681
101682
101683
101684
101706
101711
101712
101716
101717
101721
101722
101723
101724
101725
101726
101727
101728
101729
101730
101731
101732
101733
101735
101736
101737
101760
101761
101762
101763
101764
101765
101766
101767
101768
101769
101797
101770
101771
101772
101773
101780
101781
101783
101784
101785
101786
101787
101788
101789
101790
101791
101792
101793
101794
101621
101798
101799
101800
101838
101839
101862
101863
101864
101865
101866
101893
101894
101899
101900
101901
101934
101943
101945
101964
101967
101993
101833
101988
101989
101990
101991
101992
101995
101999
120017
101996
120009
120018
120019
120020
120021
120022
120023
120024
120025
120026
120027
120028
120029
120030
120032
120033
120034
120035
120036
120037
120038
120039
120040
120041
120042
120047
120048
120059
120074
120075
120076
120077
120078
120079
120080
120081
120114
120116
120125
120128
120129
120130
120131
120132
120133
120134
120135
120136
120137
120138
120139
120140
120141
120152
120153
120154
120180
120156
120159
120161
120181
140001
140002
140003
140004
140005
140006
140007
140008
140009
140010
180011
180012
180013
180014
180015
180021
180022
180023
180024
180025
180031
180032
180033
180034
180035
180041
180042
180043
180044
180045
180051
180052
180053
180054
180055
180061
180062
180063
180064
180065
180071
180072
180073
180074
180075
180081
180082
180083
180084
180085
180091
180092
180093
180094
180095
180101
180102
180103
180104
180105
180111
180112
180113
180114
180115
180121
180122
180123
180124
180125
180131
180132
180133
180134
180135
184011
184012
184013
184014
184015
184021
184022
184023
184024
184025
184031
184032
184033
184034
184035
184041
184042
184043
184044
184045
185011
185012
185013
185014
185015
185021
185022
185023
185024
185025
185031
185032
185033
185034
185035
185041
185042
185043
185044
185045
185051
185052
185053
185054
185055
185061
185062
185063
185064
185065
185071
185072
185073
185074
185075
185081
185082
185083
185084
185085
185093
185103
185113
185123
185133
185141
185142
185143
185144
185145
185151
185152
185153
185154
185155
185161
185162
185163
185164
185165
185171
185172
185173
185174
185175
185181
185182
185183
185184
185185
185191
185192
185193
185194
185195
185201
185202
185203
185204
185205
185211
185212
185213
185214
185215
185221
185222
185223
185224
185225
185231
185232
185233
185234
185235
185241
185242
185243
185244
185245
185251
185252
185253
185254
185255
185261
185262
185263
185264
185265
191101
191201
191301
191302
191303
191304
191305
191306
191401
191402
191403
191404
191405
191406
191407
191408
191409
191410
191411
191412
191413
191414
191415
191416
191417
191418
191501
191502
191503
191504
191505
191506
191507
191509
191510
191511
192101
192201
192301
192302
192303
192304
192305
192306
192401
192402
192403
192404
192405
192406
192407
192408
192409
192410
192411
192412
192414
192415
192416
192417
192501
192502
192503
192504
192505
192506
192510
193101
193201
193301
193302
193303
193401
193402
193403
193404
193405
193406
193407
193408
193409
193414
193415
193416
193417
193419
193501
193502
193504
193505
193506
193507
193509
193511
194101
194201
194301
194302
194303
194304
194305
194306
194401
194402
194403
194404
194405
194406
194407
194408
194409
194410
194411
194412
194413
194414
194415
194416
194417
194501
194502
194503
194504
194505
194506
194509
194511
195101
195201
195301
195302
195303
195304
195305
195306
195401
195402
195403
195404
195405
195406
195407
195408
195409
195410
195411
195412
195413
195414
195415
195416
195417
195418
195501
195502
195503
195504
195505
195506
195507
195508
195509
195511
340000
340001
340002
340003
340004
340005
340006
340007
340008
340009
