ID	ChallengeType	存储类型	显示中断按钮	客户端主动中断是否拉回	ActivitySkillID	AbilityGroup	作为子挑战时相关玩家出视野结算	作为父挑战时屏蔽无关玩家推送	TeamAbilityGroup	子挑战开始时动画	子挑战成功时动画	子挑战失败时动画	子挑战排序方式
1	1												
2	2												
3	3												
4	4												
5	5												
6	6												
7	7												
8	8												
9	9												
10	10												
11	8												
12	9												
13	2												
14	10												
15	8		1										
16	10												
50	8												
51	2												
52	2												
53	8												
54	8												
55	3												
56	3												
57	2												
58	1					Challenge_DragonSpine_Ability_01							
59	1					Challenge_DragonSpine_Ability_02							
60	1					Challenge_DragonSpine_Ability_03							
61	1					Challenge_DragonSpine_Ability_04							
62	1												
63	8		1										
64	13												
65	23												
66	23												
67	13												
68	23												
69	23												
70	23												
71	23												
72	7												
73	7												
74	7												
75	8												
76	2												
77	8		1										
78	2												
79	2												
80	10												
81	10												
82	8		1										
83	8												
84	23								ActivityAbility_ContinuousTrampoline				
85	23												
100	2												
101	3												
102	7												
103	6												
104	4												
110	7												
111	8												
120	2												
121	8												
122	8												
123	2												
124	2												
125	2												
126	8												
127	8												
128	8												
129	2												
130	2												
131	2												
132	8												
133	2												
134	8												
135	8												
136	2												
137	2												
138	2												
139	8												
140	2												
141	8												
142	2												
143	8												
144	8												
145	7												
146	2												
147	1												
148	2												
149	8												
150	8												
151	2												
152	2												
153	6												
154	7												
155	8												
156	2												
157	7												
158	4												
159	2												
160	4												
161	2												
162	4												
163	7												
164	2												
165	8												
166	2												
167	8												
168	8	1	1										
169	8												
170	8												
171	3												
172	4												
173	7												
174	2												
175	2												
176	2												
177	2												
178	2												
179	2												
180	2												
181	8												
182	2												
183	2												
184	8		1										
185	2												
186	2												
187	9												
188	10												
189	11												
190	9												
191	2												
192	10												
193	5												
194	5												
195	4												
196	1												
197	2												
198	2												
199	7												
200	8												
201	8												
202	8												
203	12		1										
204	8												
205	11												
206	12												
207	11		1										
208	1												
209	8		1										
210	8		1										
211	10		1										
212	2		1										
213	8												
214	2												
215	2												
216	2												
217	2												
218	8												
219	10												
220	8												
221	8												
222	10												
223	8					Challenge_Eula_Plot1							
224	8					Challenge_Eula_Plot2							
225	8					Challenge_Eula_Plot3							
226	13												
227	13												
228	13												
229	23												
230	23												
231	23												
232	1												
233	23												
234	23												
235	8		2				1						
236	8		2			Temari_Hide_Ball_Play	1						
237	2												
238	2												
239	2												
240	2												
241	8		1										
242	13		2					1					
243	13		2					1					
244	8		2										
245	8												
246	8												
247	8												
248	13												
249	10												
250	8												
251	9		1										
252	1												
253	8												
254	1												
255	23												
256	2												
257	8												
258	8		1										
259	8		1										
260	23												
261	3												
262	13												
263	13		1										
264	23												
265	23												
266	13		1										
267	13		1										
268	8		1										
269	8												
270	8												
271	8		1										
272	2		1										
273	8		1										
274	23		1										
275	23		1										
276	10												
1000	2												
1001	2												
1002	2												
1003	2												
1004	2												
1010	10												
1011	10												
1012	10												
1013	2												
1014	2												
1020	2												
1021	2												
1022	2												
1023	10												
1024	2												
1030	2												
1031	2												
1032	2												
1033	2												
1034	2												
1040	2												
1041	2												
1042	2												
1043	2												
1044	2												
1045	2												
2001	7												
2002	8												
2003	8												
3001	2												
3002	1												
2004	1												
2005	1												
2006	2												
2007	8												
10000	1												
10001	2												
10002	8				20003	Activity_Aster_Ability							
2008	13												
2009	8		1			Challenge_Gliding_Ability							
2010	8												
2011	13												
2012	8		1										
2013	8												
2014	2												
2015	23												
2017	1		1										
2018	13		1										
2019	8												
2020	8												
2021	23												
2022	23												
2023	23												
2024	23												
2025	23												
2026	23												
2027	23												
2028	23												
2029	8												
2030	8												
9001	13												
9002	8												
9003	8												
9004	6												
9005	8								AbilityGroup_TD_Test				
9011	13												
9012	8												
9013	1												
9014	1												
9015	1					HideSeek_Hider							
9016	1												
9017	1												
9018	1												
9019	1												
9020	1												
110100	13												
110101	9												
110102	9												
110103	9												
110104	13												
110105	14												
110106	15												
110107	13												
110108	14												
110109	15												
110110	13												
110111	14												
110112	15												
110113	13												
110114	14												
110115	15												
110116	13												
110117	14												
110118	15												
110119	13												
110120	16												
110121	15												
110122	13												
110123	17												
110124	17												
110125	18												
110126	13												
110127	14												
110128	20												
110129	13					ActivityAbility_Challenge_AtkDefUpAfterULT							
110130	1												
110131	8												
110132	13												
110133	1												
110134	8												
110135	13												
110136	1												
110137	8												
110138	13												
110139	1												
110140	8												
110141	13					ActivityAbility_Challenge_FallAnthem_AddHurt							
110142	1												
110143	8												
110144	13					ActivityAbility_Challenge_AreaAttackOnEnemyKilled							
110145	1					ActivityAbility_Challenge_AtkSpeed							
110146	8					ActivityAbility_Challenge_EnhancExtraAttack							
110147	13												
110148	3												
110149	8												
110150	21												
110151	13		1										
110152	2												
110153	8												
110154	21												
110155	13		1			ActivityAbility_Challenge_Shock							
110156	2												
110157	5												
110158	21												
110159	13		1			ActivityAbility_Challenge_FallingAttack							
110160	2												
110161	8												
110162	21												
110163	13		1			ActivityAbility_Challenge_Frozen							
110164	2												
110165	5												
110166	21												
110167	13		1			ActivityAbility_Challenge_LowHp							
110168	2												
110169	8												
110170	21												
110171	13		1			ActivityAbility_Challenge_ExtraAttack							
110172	2												
110173	5												
110174	21												
110175	13		1										
110176	2												
110177	8												
110178	21												
110179	21												
110180	13												
110181	1												
110182	2												
110183	8					AbilityGroup_LudiHarpastum_Set_01							
110184	1												
110185	8		1										
110186	8		1										
110187	13												
110188	1												
110189	2												
110190	1												
110191	2												
110192	23												
110193	8												
110194	1												
110195	2												
110196	8												
110197	23												
110198	23												
110199	23												
110200	13		1										
110201	8												
110202	8												
110203	8												
111101	13		1										
111102	2												
111103	8												
111104	21												
111105	8												
111111	13		1										
111112	2												
111113	5												
111114	21												
111115	8												
111121	13		1										
111122	2												
111123	8												
111124	21												
111125	8												
111131	13		1										
111132	2												
111133	8												
111134	21												
111135	8												
111141	13		1										
111142	2												
111143	5												
111144	21												
111145	8												
111151	13		1										
111152	2												
111153	8												
111154	21												
111161	13		1										
111162	2												
111163	8												
111164	21												
111165	21												
111166	11		1										
111167	13		1			ActivityAbility_ReviveStamina							
111168	23												
111169	2												
111170	2												
111171	10												
111172	8		1										
111173	1												
111174	23												
111175	13												
111176	1												
2016	23												
111177	8		1										
111178	8		1										
111179	8		1										
111180	8		1										
111181	13		1										
111182	1		1										
111183	12												
111184	23												
111185	23												
111186	23												
111187	23												
111188	23												
111189	23												
111190	23												
111191	23												
111192	8		1										
111193	8		1										
111194	1												
111195	2												
111196	1												
111197	2												
111198	1												
2001001	13		1			ActivityAbility_ShogunChallenge_NoHarm							
2001002	23												
2001003	23												
2001004	23												
2001005	8		1										
2001006	8		1										
2001007	23							1					
2002001	13							1					
2002002	13							1					
2002003	13							1					
2002004	23							1					
2002005	23							1					
2002006	23							1					
2002007	13							1					
2002008	23								SLCType_test				
2001009	23		1										
2001010	23		1										
2001011	23		1										
2003001	23								ActivityAbility_Hachi_Sneak				
2003002	13		1						ActivityAbility_WinterCamp_Parkour				
2003003	23												
2003004	23												
2003005	23												
2003006	23												
2003007	13		1										
2003008	8												
2003009	8												
2003010	2		1			ActivityAbility_WinterCamp_BattleCamp_Avatar			ActivityAbility_WinterCamp_BattleCamp				
2003011	13		1						ActivityAbility_WinterCamp_Parkour				
2003012	13		1						ActivityAbility_WinterCamp_Parkour				
2003013	13		1						ActivityAbility_WinterCamp_Parkour				
2003014	2					ActivityAbility_WinterCamp_BattleCamp_Avatar			ActivityAbility_WinterCamp_BattleCamp				
2003015	13												
2004001	13							1					
2004002	23												
2004003	23												
2004004	1							1					
2004005	1							1					
2004006	8		1										
2004007	23												
2005001	13		1										
2005002	8												
2005003	8												
2005004	8		1	1									
2005005	2												
2005006	23												
2005007	23												
2005008	23												
2005009	23												
2005010	23												
2005011	8												
2005012	8		1										
2005013	13		1										
2005014	13		1										
2005015	8												
2005016	13		1										
2005017	7												
2005018	7												
2005019	8		1	1									
2008001	13		1										
2008002	2												
2008003	8												
2008004	8												
2008005	13		1										
2008006	2												
2008007	8												
2008008	8												
2008009	13		1										
2008010	2												
2008011	8												
2009001	13		1										
2009002	2												
2009003	9												
2009004	8		1										
2009005	2		1										
2009006	8		1										
2009007	13		1										
2009008	8		1										
2009009	8		1										
2009010	8		1										
2010001	13												
2010011	8												
2010012	8												
2010021	2												
2010022	2												
2010031	8												
2010032	8												
2010033	2												
2010034	13		1										
2010035	23												
2010036	23												
2010037	2		1						ActivityAbility_SummerTimeV2_KazuhaDungeon				
2010038	23												
2010039	23												
2010040	23												
2010041	23												
2010042	23												
2010043	23												
2010044	23												
2010045	23												
2010046	2		1										
2010047	2		1						ActivityAbility_SummerTimeV2_MonaDungeon				
2010048	2		1						ActivityAbility_SummerTimeV2_FischlDungeon				
2010050	13		1						ActivityAbility_GravenInnocence_Parkour				
2010051	23												
2010052	23												
2010053	2		1						ActivityAbility_SummerTimeV2_KazuhaDungeon				
2010054	2		1										
2010055	2		1						ActivityAbility_SummerTimeV2_MonaDungeon				
2010056	2		1						ActivityAbility_SummerTimeV2_FischlDungeon				
2010057	8		1										
2010058	7												
2010059	23		1										
2010060	23												
2010061	23												
2010062	23												
2010063	23												
2010064	23												
2010065	3												
2010066	13		1										1
2010067	4									2	1	1	
2010068	23												
2010069	23												
2010070	23												
2010071	8												
2010072	8												
2010073	23										1		
2010074	1												
2010075	1												
2010076	23										1		
2010077	23										1		
2010078	13								ActivityAbility_Team_Exploration_Used_Widget_Detect				1
2010079	23										1		
2010080	8												
2011001	8								ActivityAbility_WindFlowerV2_SpinningBall				
2011002	8								ActivityAbility_WindFlowerV2_FallAttackPillar				
2011003	8								ActivityAbility_WindFlowerV2_WaterRun				
2011004	8					ActivityAbility_WindFlowerV2_Baseball							
2011005	8												
2011006	25												
2011007	2												
2011008	2												
2011009	2												
2012000	8												
2012001	8												
2012002	23												
2012003	22												
2012004	13		1										
2013001	1												
