ID	类型	细分类型	动态难度	序列编号	玩法类型	场景ID	脚本定时事件间隔	联机类型	显示等级	是否限制角色等级	限制等级	等级修正	前置副本	需求角色	通关条件	通关跳转地城	复活间隔时间	复活次数上限	每天准入次数	[进入消耗]1ID	[进入消耗]1数量	首通奖励RewardID	结算倒计时	失败后退出等待时间	主动退出倒计时	结算显示1	结算显示2	结算显示3	结算显示4	结算后是否拦截主动复活	开启神像消耗道具	消耗数量	神像奖励	挑战因子组合	城市ID	地城状态
1	1	0				20008		1	5	0	1	4			8			10	1			0	999	30	3				4		0	0	0		1	1
2	2	0				20008		1	20	11	1	19			2			5	10			0	60	30	3	1	2	3			0	0	0	1000:100,1001:100,1002:100	1	2
3	2	0				20008		1	30	21	1	29			2			5	10			0	60	30	3	1	2	3			0	0	0	1000:100,1001:100,1002:100	1	2
4	2	0				20007		1	15	6	1	14			21			5	10			0	60	30	3	1	2	3			0	0	0		1	2
5	2	0				20007		1	25	16	1	24			21			5	10			0	60	30	3	1	2	3			0	0	0		1	2
6	2	0				20007		1	35	26	1	34			21			5	10			0	60	30	3	1	2	3			0	0	0		1	2
7	1	0	1			20006		1	15	0	1	14			5			5	10			0	60	30	3	1					0	0	0		1	2
8	2	0				20006		1	20	11	1	19			21			5	10			0	60	30	3	1	2	3			0	0	0		1	2
9	2	0				20006		1	30	21	1	29			21			5	10			0	60	30	3	1	2	3			0	0	0		1	2
10	1	0	1			1006		1	18	0	1	17			22			10	1			0	999	30	3						0	0	0		1	1
11	1	0	1			1017		1	35		1	34			68			10	10			0	999	30	3						0	0	0		2	1
12	2	0				1019		1	5	1	1	4			21			10	10			0	60	30	3	1	2	3			0	0	0		2	2
13	2	0				1011		1	1	1	1	0			9			10	10			0	120	30	3						0	0	0		1	2
15	2	0				50002		1	9	1	1	8			9			10	10			0	120	30	3						0	0	0		1	2
16	2	0				1001		1	1	1	1	0			9			10	10			0	120	30	3						0	0	0		1	2
17	2	0				50003		1	10	1	1	9			21			10	99			0	120	30	3						0	0	0		1	2
18	2	0				50004		1	10	1	1	9			21			10	99			0	120	30	3						0	0	0		1	2
19	2	0				50027		1	1	1	1	0			5			10	99			0	120	30	3						0	0	0		1	2
20	2	0				50025		1	1	1	1	0			5			10	99			0	120	30	3						0	0	0	1070:100	1	2
21	2	0				50026		1	1	1	1	0			5			10	99			0	120	30	3						0	0	0	1071:100	1	2
24	2	0				1024		1	5	1	1	4			33			10	99			0	120	30	3						0	0	0		1	2
25	2	0				50009		1	10	1	1	9			21			10	99			0	120	30	3						0	0	0		1	2
26	2	0				50010		1	10	1	1	9			21			10	99			0	120	30	3						0	0	0		1	2
27	2	0				50014		1	10	1	1	9			21			10	99			0	120	30	3						0	0	0		1	2
28	2	0				50017		1	1	1	1	0			21			10	99			0	120	30	3						0	0	0		1	2
29	2	0				50018		1	1	1	1	0			53			10	99			0	120	30	3						0	0	0		1	2
30	1	0	1			20031		1	30	0	1	29			55			10				230012	999	30	3						0	0	0		1	1
31	2	0				50019		1	1	1	1	0			52			10	99			0	120	30	3						0	0	0		1	2
32	2	0				50020		1	1	1	1	0			5			10	99			0	120	30	3						0	0	0		1	2
33	2	0				1031		1	35	26	1	34			51			10	99			0	120	30	3						0	0	0		1	2
34	2	0				1032		1	35	26	1	34			51			10	99			0	120	30	3						0	0	0		2	2
35	2	0				50022		1	1	1	1	0			5			10	99			0	120	30	3						0	0	0		1	2
36	2	0				50023		1	1	1	1	0			5			10	99			0	120	30	3						0	0	0	1050:100	1	2
37	2	0				50024		1	1	1	1	0			5			10	99			0	120	30	3						0	0	0	1051:100	1	2
38	2	0				50017		1	1	1	1	0			21			10	99			0	120	30	3						0	0	0	1161:100	1	2
39	2	0				50017		1	1	1	1	0			21			10	99			0	120	30	3						0	0	0	1162:100	1	2
40	2	0				50017		1	1	1	1	0			21			10	99			0	120	30	3						0	0	0	1163:100	1	2
41	2	0				50017		1	1	1	1	0			21			10	99			0	120	30	3						0	0	0	1164:100	1	2
42	2	0				50017		1	1	1	1	0			21			10	99			0	120	30	3						0	0	0	1165:100	1	2
43	2	0				50017		1	1	1	1	0			21			10	99			0	120	30	3						0	0	0	1166:100	1	2
44	2	0				50017		1	1	1	1	0			21			10	99			0	120	30	3						0	0	0	1052:100	1	2
45	2	0				50017		1	1	1	1	0			21			10	99			0	120	30	3						0	0	0	1053:100	1	2
46	2	0				50017		1	1	1	1	0			21			10	99			0	120	30	3						0	0	0	1369:100	1	2
47	2	0				50017		1	90	81	1	89			21			10	99			0	120	30	3						0	0	0	1748:100	1	2
48	2	0				50017		1	90	81	1	89			21			10	99			0	120	30	3						0	0	0	1749:100	1	2
50	2	0				1050		1	5	1	1	4			21			10	10			0	60	30	3	1	2	3			0	0	0		1	2
55	2	0				40016		1	5	1	1	4			21			10	10			0	60	30	3						0	0	0		2	2
56	2	0	1			50029		1	5	1	1	4			21			10	10			0	60	30	3						0	0	0		1	2
57	11	0	1			50030		1	5	1	1	4			99			10	10			0	60	30	3						0	0	0		2	2
58	2	0	1			50031		1	5	1	1	4			21			10	10			0	60	30	3						0	0	0		2	2
59	2	0				50043		1	1	1	1	0			5			10	99			0	120	30	3						0	0	0		1	2
60	2	0				50044		1	1	1	1	0			5			10	99			0	120	30	3						0	0	0		1	2
61	2	0				35800		2	1	1	1	0			0			10	99			0	120	30	3						0	0	0		1	2
62	2	0	1			50017		1	5	1	1	4			21			10	10			0	60	30	3						0	0	0		1	2
63	2	0				50050		1	1	1	1	0			21			10	10			0	60	30	3						0	0	0		1	2
64	2	0				50051		1	1	1	1	0			21			10	10			0	60	30	3						0	0	0		1	2
65	2	0	1			50058		1	30	21	1	29			199			10	10			0	60	30	3						0	0	0		3	2
66	2	0	1			50061		1	1	1	1	0			21			10	10			0	60	30	3						0	0	0		1	2
67	2	0	1			50072		1	5	1	1	4			21			10	10			0	60	30	3						0	0	0		1	2
68	2	0	1			20128		1	30	21	1	29			21			10	10			0	60	30	3						0	0	0		2	2
71	2	0				20152		1	90	0	1	89			173			0	10			0	999	30	30						0	0	0		4	2
72	31	0				50092		1	90	0	1	89			173			0	10			0	999	30	30						0	0	0		4	2
73	31	0				50093		1	90	0	1	89			173			0	10			0	999	30	30						0	0	0		4	2
74	2	0				20153		1	90	0	1	89			173			0	10			0	999	30	30						0	0	0		4	2
81	2					51000		1	100	0	1	99			229			0	10			0	5	30	3						0	0	0	1701:100	1	2
82	2					51001		1	100	0	1	99			229			0	10			0	5	30	3						0	0	0	1701:100	1	2
83	2					51002		1	100	0	1	99			229			0	10			0	5	30	3						0	0	0	1701:100	1	2
88	36	0				51008		2	1	0	1	0			173			10	99			0	999	30	30						0	0	0	1745:100	2	2
101	1	0	1			20101		1	30	0	1	29			0			0	0			0	999	30	3						0	0	0		2	1
102	1	0	1			1051		1	35	0	1	34			0			0	0			0	999	30	3						0	0	0		2	1
103	7	4		1003		20034		2	60	0	35	59			85			0	0			0	999	30	30						0	0	0		2	1
104	7	4		1003		20034		2	70	0	40	69			85			0	0			0	999	30	30						0	0	0		2	1
105	7	4		1003		20034		2	80	0	45	79			85			0	0			0	999	30	30						0	0	0		2	1
106	7	4		1003		20034		2	90	0	50	89			85			0	0			0	999	30	30						0	0	0		2	1
107	1	0	1			20107		1	35	0	1	34			150			0	0			230053	999	30	3						0	0	0		2	1
110	7	4		1004		20106		2	60	0	35	59			161			0	0			0	999	30	30						0	0	0	1386:100	2	1
111	7	4		1004		20106		2	70	0	40	69			161			0	0			0	999	30	30						0	0	0	1386:100	2	1
112	7	4		1004		20106		2	80	0	45	79			161			0	0			0	999	30	30						0	0	0	1386:100	2	1
113	7	4		1004		20106		2	90	0	50	89			161			0	0			0	999	30	30						0	0	0	1386:100	2	1
114	7	4		1004		20108		2	60	0	35	59			162			0	0			0	999	30	30						0	0	0	1386:100	2	1
115	7	4		1004		20108		2	70	0	40	69			162			0	0			0	999	30	30						0	0	0	1386:100	2	1
116	7	4		1004		20108		2	80	0	45	79			162			0	0			0	999	30	30						0	0	0	1386:100	2	1
117	7	4		1004		20108		2	90	0	50	89			162			0	0			0	999	30	30						0	0	0	1386:100	2	1
118	7	4		1004		20109		2	60	0	35	59			163			0	0			0	999	30	30						0	0	0	1386:100	2	1
119	7	4		1004		20109		2	70	0	40	69			163			0	0			0	999	30	30						0	0	0	1386:100	2	1
120	7	4		1004		20109		2	80	0	45	79			163			0	0			0	999	30	30						0	0	0	1386:100	2	1
121	7	4		1004		20109		2	90	0	50	89			163			0	0			0	999	30	30						0	0	0	1386:100	2	1
122	7	4		1004		20110		2	60	0	35	59			164			0	0			0	999	30	30						0	0	0	1386:100	2	1
123	7	4		1004		20110		2	70	0	40	69			164			0	0			0	999	30	30						0	0	0	1386:100	2	1
124	7	4		1004		20110		2	80	0	45	79			164			0	0			0	999	30	30						0	0	0	1386:100	2	1
125	7	4		1004		20110		2	90	0	50	89			164			0	0			0	999	30	30						0	0	0	1386:100	2	1
126	1	0	1			20114		1	30	0	1	29			196			0	0			0	999	30	3						0	0	0		3	1
127	7	4		1005		20115		2	60	0	35	59			197			0	0			0	999	30	30						0	0	0	1619:100	3	1
128	7	4		1005		20115		2	70	0	40	69			197			0	0			0	999	30	30						0	0	0	1619:100	3	1
129	7	4		1005		20115		2	80	0	45	79			197			0	0			0	999	30	30						0	0	0	1619:100	3	1
130	7	4		1005		20115		2	90	0	50	89			197			0	0			0	999	30	30						0	0	0	1619:100	3	1
131	7	4		1006		20125		2	60	0	35	59			217			0	0			0	999	30	30						0	0	0	1688:100	3	1
132	7	4		1006		20125		2	70	0	40	69			217			0	0			0	999	30	30						0	0	0	1688:100	3	1
133	7	4		1006		20125		2	80	0	45	79			217			0	0			0	999	30	30						0	0	0	1688:100	3	1
134	7	4		1006		20125		2	90	0	50	89			217			0	0			0	999	30	30						0	0	0	1688:100	3	1
135	7	4		1007		20154		2	60	0	35	59			272			0	0			0	999	30	30						0	0	0	1750:100	4	1
136	7	4		1007		20154		2	70	0	40	69			272			0	0			0	999	30	30						0	0	0	1750:100	4	1
137	7	4		1007		20154		2	80	0	45	79			272			0	0			0	999	30	30						0	0	0	1750:100	4	1
138	7	4		1007		20154		2	90	0	50	89			272			0	0			0	999	30	30						0	0	0	1750:100	4	1
1000	2	0				20000		1	9	0	1	8			9			10	10			0	120	30	3						0	0	0		1	2
1001	1	0				20009		1	4	0	1	3			7			10	1			0	999	30	3						0	0	0		1	1
1002	1	0	1			20010		1	19	0	1	18			15			10	10			0	999	30	3						0	0	0		1	1
1003	1	0				20011		1	5	0	1	4			9			10	1			225001	999	30	3						0	0	0		1	1
1004	1	0	1			20012		1	16	0	1	15			16			5	10			0	60	30	3	1	3				0	0	0		1	2
1005	1	0	1			20013		1	10	0	1	9			12			0	10			0	60	30	3						0	0	0		1	2
1006	1	0	1			20014		1	10	0	1	9			11			0	10			0	60	30	3						0	0	0		1	2
1007	2	0				20015		1	7	1	1	6			9			10	10			0	120	30	3	1					0	0	0		1	2
1008	1	0	1			20022		1	30	0	1	29			34			10	10			230013	999	30	3	1					0	0	0		1	1
1009	1	0	1			20023		1	17	0	1	16			40			10	10			0	999	30	3	1					0	0	0		1	1
1010	1	0	1			20005		1	16	0	1	15			54			10	10			230015	999	30	3	1					0	0	0		1	1
1011	1	0	1			20032		1	28		1	27			76			10	10			230014	999	30	3						0	0	0		1	1
1012	1	0	1			20102		1	35		1	34			79			10	99			230030	999	30	3						0	0	0		2	1
1101	2	0				50008		1	9	1	1	8			9			10	10			0	120	30	3						0	0	0		1	2
1102	1	0	1			1032		1	26	0	1	25			88			10	99			230050	999	30	3						0	0	0		2	1
1103	1	0	1			1052		1	26		1	25			77			10	10			0	999	30	3						0	0	0		2	1
1104	1	0	1			1053		1	35		1	34			78			10	10			0	999	30	3						0	0	0		2	2
1105	1	0	1			1054		1	35		1	34			68			10	10			0	999	30	3						0	0	0		2	2
1106	1	0	1			1055		1	35		1	34			81			10	10			230031	999	30	3						0	0	0		2	1
1107	1	0	1			1056		1	35		1	34			83			10	10			230032	999	30	3						0	0	0		2	1
1108	1	0	1			1058		1	35		1	34			80			10	10			0	120	30	3						0	0	0		2	1
1109	1	0	1			1032		1	35	0	1	34			67			10	99			0	999	30	3						0	0	0		2	2
1110	1	0	1			1059		1	35	0	1	34			97			10	99			230051	999	30	3						0	0	0		2	1
1111	1	0	1			20035		1	35	0	1	34			153			0	99			0	10	10	3						0	0	0		1	1
1112	1	0	1			20036		1	35	0	1	34			154			0	99			0	10	10	3						0	0	0		1	1
1113	1	0	1			20103		1	28		1	27			96			10	99			230500	999	30	3						0	0	0		1	1
1114	1	0	1			20104		1	28		1	27			98			10	99			0	999	30	3						0	0	0		2	1
1115	1	0	1			20105		1	28		1	27			107			10	99			230501	999	30	3						0	0	0		2	1
1116	1	0	1			20037		1	30		1	29			148			10	99			230052	999	30	3						0	0	0		1	1
1117	1	0	1			20111		1	30		1	29			167			10	99			0	999	30	3						0	0	0		3	1
1118	1	0	1			20112		1	30		1	29			170			0	0			0	999	30	3						0	0	0		3	1
1119	1	0	1			20113		1	30		1	29			189			10	99			0	999	30	3						0	0	0		3	1
1120	1	0	1			1062		1	35	0	1	34			176			10	99			230054	999	30	3						0	0	0		3	1
1121	1	0	1			20116		1	35	0	1	34			177			10	99			0	999	30	3						0	0	0		3	1
1122	1	0	1			20117		1	30		1	29			198			0	0			0	999	30	3						0	0	0		3	1
1123	1	0	1			1065		1	30		1	29			190			0	0			0	999	30	3						0	0	0		3	1
1124	1	0	1			20118		1	31		1	30			194			0	0			0	999	30	3						0	0	0		3	1
1125	1	0	1			20119		1	35		1	34			167			10	99			230055	999	30	3						0	0	0		3	1
1126	1	0	1			20120		1	35		1	34			210			0	0			0	999	30	3						0	0	0		2	1
1127	1	0	1			20121		1	35		1	34			208			10	99			0	999	30	3						0	0	0		2	1
1128	1	0	1			20123		1	35	0	1	34			213			0	0			230056	999	30	3						0	0	0		3	1
1129	1	0	1			20122		1	35	0	1	34			216			10	99			0	999	30	3						0	0	0		3	1
1130	1	0	1			20126		1	35	0	1	34			228			10	99			0	999	30	3						0	0	0		3	1
1131	1	0	1			20127		1	35	0	1	34			215			10	99			0	999	30	3						0	0	0		2	1
1132	1	0	1			20128		1	35	0	1	34			213			10	99			0	999	30	3						0	0	0		2	1
1133	1	0	1			20129		1	35	0	1	34			237			10	99			0	999	30	3						0	0	0		2	1
1134	1	0	1			20131		1	35	0	1	34			232			10	99			230057	999	30	3						0	0	0		2	1
1135	1	0	1			50067		1	35	0	1	34			215			10	99			0	999	30	3						0	0	0		1	2
1136	1	0	1			1071		1	35	0	1	34			230			10	99			230058	999	30	3						0	0	0		3	1
1137	27	0	1			20133		1	30	1	1	29			51			10	999			0	999	0	1						0	0	0		102	1
1138	27	0	1			20135		1	30	1	1	29			51			10	999			0	999	0	1						0	0	0	1728:100	102	1
1139	27	0	1			20134		1	30	1	1	29			51			10	999			0	999	0	1						0	0	0		102	1
1140	27	0	1			20136		1	30	1	1	29			51			10	999			0	999	0	1						0	0	0		102	1
1141	27	0	1			20137		1	30		1	29			51			10	999			0	999	0	1						0	0	0		102	1
1142	27	0	1			20138		1	30		1	29			51			10	999			0	999	0	1						0	0	0		102	1
1143	27	0	1			20139		1	30		1	29			51			10	999			0	999	0	1						0	0	0		102	1
1144	27	0	1			20140		1	30	1	1	29			51			10	999			0	999	0	1						0	0	0	1728:100	102	1
1145	27	0	1			20141		1	30	1	1	29			51			10	999			0	999	0	1						0	0	0		102	1
1146	27	0	1			20142		1	30	1	1	29			51			10	999			0	999	0	1						0	0	0	1728:100	102	1
1147	27	0	1			20143		1	30	1	1	29			51			10	999			0	999	0	1						0	0	0		102	1
1148	27	0	1			20144		1	30	1	1	29			51			10	999			0	999	0	1						0	0	0		102	1
1149	1	0	1			20132		1	35		1	34			235			10	99			0	999	30	1						0	0	0		4	1
1150	1	0	1			20149		1	35		1	34			236			10	10			230059	999	30	3						0	0	0		4	1
1151	1	0	1			20145		1	30		1	29			243			10	10			0	999	30	3						0	0	0		4	1
1152	1	0	1			20146		1	30		1	29			244			10	10			0	999	30	3						0	0	0		4	1
1153	1	0	1			20147		1	30		1	29			245			10	10			0	999	30	3						0	0	0		4	1
1154	1	0	1			20148		1	30		1	29			236			10	10			0	999	30	3						0	0	0		4	1
1155	1	0	1			20150		1	35		1	34			238			10	10			0	999	30	1						0	0	0		4	1
1156	1	0	1			20151		1	35		1	34			257			10	99			0	999	30	3						0	0	0		4	1
1157	1	0	1			20157		1	35		1	34			258			10	99			0	999	30	3						0	0	0		4	1
1158	2	0	1			20159		1	28		24	27			246			10	99			230214	120	30	3						0	0	0		4	1
1159	2	0	1			20160		1	30		28	29			251			10	99			230215	120	30	3						0	0	0	1743:100	4	1
1160	2	0	1			20161		1	32		32	31			252			10	99			230216	120	30	3						0	0	0	1744:100	4	1
1161	1		1			20158		1	35		1	34			267	1165		10	10			0	5	30	3						0	0	0		4	1
1162	32		1			20162		1	10		1	9			107			9999	999			0	0	0	0						0	0	0		4	1
1163	34	0	1			47103		1	28		1	27			107			10	99			0	999	30	3						0	0	0		4	2
1164	1		1			20163		1	35		1	34			265	1167		10	10			0	5	30	3						0	0	0		4	1
1165	1	0	1			20164		1	35		1	34			256			10	10			0	999	30	3						0	0	0		4	1
1166	1	0	1			20165		1	35		1	34			256			10	10			0	999	30	3						0	0	0		4	1
1167	1	0	1			20168		1	35	0	1	34			266			0	99			0	999	30	3						0	0	0		4	1
2000	1	0	1			20016		1	10	0	1	9			21			10	10			230008	999	30	3	1					0	0	0		1	1
2001	1	0				20017		1	26	0	1	25			1	2002		0	0			0	5	30	3						0	0	0		1	1
2002	1	0				20018		1	26	0	1	25			26			0	0			0	99	30	3				4		0	0	0		1	1
2003	1	0	1			20019		1	23	0	1	22			25			10	10			230011	999	30	3						0	0	0		1	1
2004	1	0				20020		1	10	0	1	9			27			0	0			0	999	30	3						0	0	0		1	1
2006	1	0	1			1016		1	15	0	1	14			37			10	10			230009	999	30	3						0	0	0		1	1
2007	1	0	1			1015		1	15	0	1	3			35	2006		10	10			0	5	30	3						0	0	0		1	1
2008	1	0				1024		1	35	0	1	34			36			10	10			230018	999	30	30						0	0	0		1	1
2009	2	0				50016		1	10	1	1	9			29			5	100			0	60	30	3	1	3				0	0	0		1	2
2010	1	0				1024		1	45	0	1	44			36			10	10			0	120	30	30						0	0	0		1	2
2011	1	0				1024		1	60	0	1	59			36			10	10			0	120	30	30						0	0	0		1	2
2012	1	0				20026		1	60	0	1	59			36			10	10			230019	999	30	30						0	0	0		1	1
2013	1	0				1024		1	80	0	1	79			36			10	10			0	120	30	30						0	0	0		1	2
2014	1	0				20027		1	80	0	1	79			36			10	10			230020	999	30	30						0	0	0		1	1
2015	1	0				1024		1	90	0	1	89			36			10	10			0	120	30	30						0	0	0		1	2
2016	1	0				20028		1	90	0	1	89			36			10	10			230021	999	30	30						0	0	0		1	1
2020	7	4		1001		20025		1	40	31	25	39			63			0	0			0	999	30	30						0	0	0		1	1
2021	7	4		1001		20025		1	50	41	30	49			63			0	0			0	999	30	30						0	0	0		1	1
2022	7	4		1001		20025		1	60	51	35	59			63			0	0			0	999	30	30						0	0	0		1	1
2023	7	4		1001		20025		1	70	61	40	69			63			0	0			0	999	30	30						0	0	0		1	1
2024	7	4		1001		20025		1	80	71	45	79			63			0	0			0	999	30	30						0	0	0		1	1
2025	7	4		1001		20025		1	90	81	50	89			63			0	0			0	999	30	30						0	0	0		1	1
2026	2	0				20152		1	90	0	1	89			173			0	10			0	999	30	30						0	0	0		4	2
2099	2	0				50015		1	10	1	1	9			25			10				0	999	30	3						0	0	0		1	2
2100	2	0				50028		1	1	1	1	0			75			10	99			0	120	30	3						0	0	0		1	2
2101	2	0	1			50041		1	36	1	1	35			75			10	99			0	120	30	3						0	0	0		1	2
2102	2	0				50042		2	1	1	1	0			75			10	99			0	120	30	3						0	0	0		1	2
2103	2	0				50045		2	1	1	1	0			75			10	99			0	120	30	3						0	0	0		1	2
2104	2	0				50046		1	35	26	1	34			29			10	99			0	999	30	3						0	0	0	1364:100	1	2
2105	2	0				50047		2	1	1	1	0			75			10	99			0	120	30	3						0	0	0		1	2
2106	2	0				50048		2	1	1	1	0			75			10	99			0	120	30	3						0	0	0		1	2
2107	2	0				50049		2	1	1	1	0			75			10	99			0	120	30	3						0	0	0		1	2
2108	2	0				50052		2	1	1	1	0			75			10	99			0	120	30	3						0	0	0		1	2
2109	2	0				50054		2	1	1	1	0			75			10	99			0	120	30	3						0	0	0		1	2
2110	2	0				50055		1	1	1	1	0			75			10	99			0	120	30	3						0	0	0		3	2
2111	2	0				50056		1	85	76	1	84			195			10	99			0	120	30	3						0	0	0		3	2
2112	22	0				45050		1	85	76	1	84			195			10	99			0	120	30	30						0	0	0		2	1
2113	22	0				45051		1	85	76	1	84			195			10	99			0	120	30	30						0	0	0		2	1
2114	22	0				45052		1	85	76	1	84			195			10	99			0	120	30	30						0	0	0		2	1
2115	22	0				45053		1	85	76	1	84			195			10	99			0	120	30	30						0	0	0		2	1
2116	22	0				45054		1	85	76	1	84			195			10	99			0	120	30	30						0	0	0		2	1
2117	2	0				50067		1	1	1	1	0			75			10	99			0	999	30	3						0	0	0		1	2
2118	2	0				50070		1	1	1	1	0			75			10	99			0	999	30	3						0	0	0		3	2
2119	22	0				45055		1	85	76	1	84			195			10	99			0	120	30	30						0	0	0		2	1
2120	22	0				45056		1	85	76	1	84			195			10	99			0	120	30	30						0	0	0		2	1
2121	22	0				45057		1	85	76	1	84			195			10	99			0	120	30	30						0	0	0		2	1
2122	22	0				45058		1	85	76	1	84			195			10	99			0	120	30	30						0	0	0		2	1
2123	22	0				45059		1	85	76	1	84			195			10	99			0	120	30	30						0	0	0		2	1
2124	2	0				50074		1	1	1	1	0			195			10	99			0	120	30	3						0	0	0		1	2
2125	2	0				50075		1	1	1	1	0			195			10	99			0	120	30	3						0	0	0		1	2
2126	2	0				51006		1	1	1	1	0			75			10	99			0	999	30	3						0	0	0		3	2
2150	20	0				35820		1	1	1	1	0			207			0	99			0	99999	30	30						0	0	0	1674:100	2	1
2151	20	0				35821		1	1	1	1	0			207			0	99			0	99999	30	30						0	0	0	1674:100	2	1
2152	20	0				35822		1	1	1	1	0			207			0	99			0	99999	30	30						0	0	0	1674:100	2	1
2153	20	0				35823		1	1	1	1	0			207			0	99			0	99999	30	30						0	0	0	1674:100	2	1
2154	20	0				35824		1	1	1	1	0			207			0	99			0	99999	30	30						0	0	0	1675:100	2	1
2155	20	0				35825		1	1	1	1	0			207			0	99			0	99999	30	30						0	0	0	1675:100	2	1
2156	20	0				35826		1	1	1	1	0			207			0	99			0	99999	30	30						0	0	0	1675:100	2	1
2157	20	0				35827		1	1	1	1	0			207			0	99			0	99999	30	30						0	0	0	1675:100	2	1
2158	20	0				35828		1	1	1	1	0			207			0	99			0	99999	30	30						0	0	0	1676:100	2	1
2159	20	0				35829		1	1	1	1	0			207			0	99			0	99999	30	30						0	0	0	1676:100	2	1
2160	20	0				35830		1	1	1	1	0			207			0	99			0	99999	30	30						0	0	0	1676:100	2	1
2161	20	0				35831		1	1	1	1	0			207			0	99			0	99999	30	30						0	0	0	1676:100	2	1
2169	27	0	1			50078		1	30	1	1	29			51			0	999			0	999	30	30	1					0	0	0		1	2
2170	27	0	1			50080		1	30	1	1	29			51			0	999			0	999	30	30	1					0	0	0		1	2
2171	27	0	1			50079		1	30	1	1	29			51			0	999			0	999	30	30	1					0	0	0		1	2
2172	27	0	1			50081		1	30	1	1	29			51			0	999			0	999	30	30	1					0	0	0		1	2
2173	27	0	1			50082		1	30		1	29			51			0	999			0	999	30	30	1					0	0	0		1	2
2174	27	0	1			50083		1	30		1	29			51			0	999			0	999	30	30	1					0	0	0		1	2
2175	27	0	1			50084		1	30		1	29			51			0	999			0	999	30	30	1					0	0	0		1	2
2176	27	0	1			50085		1	30	1	1	29			51			0	999			0	999	30	30	1					0	0	0		1	2
2177	27	0	1			50086		1	30	1	1	29			51			0	999			0	999	30	30	1					0	0	0		1	2
2178	27	0	1			50087		1	30	1	1	29			51			0	999			0	999	30	30	1					0	0	0		1	2
2179	27	0	1			50088		1	30	1	1	29			51			0	999			0	999	30	30	1					0	0	0		1	2
2180	27	0	1			50089		1	30	1	1	29			51			0	999			0	999	30	30	1					0	0	0		1	2
2181	8	0				51009		1	80	1	1	79			213			10	99			0	999	999	999						0	0	0		4	2
3001	2	0			1	30001	1	1	10	1	1	9			13			10	10			0	120	30	3	3	1				0	0	0		1	2
3004	2	0				40007		1	35	26	21	34			20			10	3			230003	999	30	30	3	1				0	0	0		1	1
3005	2	0				50020		1	15	1	1	14			29			5	100			0	60	30	3	1	3				0	0	0		1	2
3006	2	0				50007		1	15	6	1	14			29			5	100			0	60	30	3	1	3				0	0	0		1	2
3007	2	0				50011		1	10	1	1	9			29			5	100			0	60	30	3	1	3				0	0	0		1	2
3008	2	0				50012		1	10	1	1	9			29			5	100			0	60	30	3	1	3				0	0	0		1	2
3009	2	0				50013		1	10	1	1	9			29			5	100			0	60	30	3	1	3				0	0	0		1	2
3010	2	0				40021		2	35		1	34			29			10	99			0	999	30	3						0	0	0	1370:100	1	2
3011	17	0				35801		1	1	1	1	0			75			0	99			0	999	30	3						0	0	0	1612:100	3	1
3012	17	0				35802		1	1	1	1	0			75			0	99			0	999	30	3						0	0	0	1613:100	3	1
3013	17	0				35803		1	1	1	1	0			75			0	99			0	999	30	3						0	0	0	1614:100	3	1
3014	17	0				35804		1	1	1	1	0			75			0	99			0	999	30	3						0	0	0	1615:100	3	1
3015	17	0				35805		1	1	1	1	0			75			0	99			0	999	30	3						0	0	0	1616:100	3	1
3016	17	0				35806		1	1	1	1	0			75			0	99			0	999	30	3						0	0	0	1617:100	3	1
3017	18	0				47001		1	1	1	1	0			195			10	99			0	99999	30	3						0	0	0	1632:100	3	1
3018	18	0				47002		1	1	1	1	0			201			10	99			0	99999	30	3						0	0	0	1622:100	3	1
3019	18	0				47003		1	1	1	1	0			202			10	99			0	99999	30	3						0	0	0	1624:100	3	1
3020	18	0				47004		1	1	1	1	0			200			10	99			0	99999	30	3						0	0	0	1620:100	3	1
3021	18	0				47005		1	1	1	1	0			195			10	99			0	99999	30	3						0	0	0	1621:100	3	1
3022	18	0				47006		1	1	1	1	0			195			10	99			0	99999	30	3						0	0	0	1623:100	3	1
3023	18	0				47007		1	1	1	1	0			195			10	99			0	99999	30	3						0	0	0	1625:100	3	1
3024	18	0				47008		1	1	1	1	0			195			10	99			0	99999	30	3						0	0	0	1626:100	3	1
3025	18	0				47009		1	1	1	1	0			195			10	99			0	99999	30	3						0	0	0	1639:100	3	1
3026	18	0				47010		1	1	1	1	0			195			10	99			0	99999	30	3						0	0	0	1640:100	3	1
3027	17	0				35807		1	1	1	1	0			75			0	99			0	999	30	30						0	0	0	1683:100	3	1
3028	17	0				35808		1	1	1	1	0			75			0	99			0	999	30	30						0	0	0	1683:100	3	1
3029	17	0				35809		1	1	1	1	0			75			0	99			0	999	30	30						0	0	0	1683:100	3	1
3030	17	0				35810		1	1	1	1	0			75			0	99			0	999	30	30						0	0	0	1683:100	3	1
3031	17	0				35811		1	1	1	1	0			75			0	99			0	999	30	30						0	0	0	1683:100	3	1
3032	17	0				35812		1	1	1	1	0			75			0	99			0	999	30	30						0	0	0	1683:100	3	1
3033	17	0				35813		1	1	1	1	0			75			0	99			0	999	30	30						0	0	0	1683:100	3	1
3034	17	0				35814		1	1	1	1	0			75			0	99			0	999	30	30						0	0	0	1683:100	3	1
3035	17	0				35815		1	1	1	1	0			75			0	99			0	999	30	30						0	0	0	1683:100	3	1
3036	17	0				35816		1	1	1	1	0			75			0	99			0	999	30	30						0	0	0	1683:100	3	1
3037	17	0				35817		1	1	1	1	0			75			0	99			0	999	30	30						0	0	0	1683:100	3	1
3038	17	0				35818		1	1	1	1	0			75			0	99			0	999	30	30						0	0	0	1683:100	3	1
3040	24	0				35840		1	1	1	1	0			75			0	99			0	30	30	30						0	0	0	1689:100	2	1
3041	24	0				35841		1	1	1	1	0			75			0	99			0	30	30	30						0	0	0	1690:100	2	1
3042	24	0				35842		1	1	1	1	0			75			0	99			0	30	30	30						0	0	0	1691:100	2	1
3043	24	0				35843		1	1	1	1	0			75			0	99			0	30	30	30						0	0	0	1692:100	2	1
3044	24	0				35844		1	1	1	1	0			75			0	99			0	30	30	30						0	0	0	1693:100	2	1
3045	24	0				35845		1	1	1	1	0			75			0	99			0	30	30	30						0	0	0	1694:100	2	1
3310	6	0				33100		1	24	0	1	23			51			10				0	999	30	3						0	0	0		1	1
3311	6	0				33101		1	39	0	1	38			51			10				0	999	30	3						0	0	0		1	1
3312	6	0				33102		1	44	0	1	43			51			10				0	999	30	3						0	0	0		1	1
3313	6	0				33103		1	49	0	1	48			51			10				0	999	30	3						0	0	0		1	1
3410	6	0				34100		1	24	0	1	23			51			10				0	999	30	3						0	0	0		1	1
3411	6	0				34101		1	39	0	1	38			51			10				0	999	30	3						0	0	0		1	1
3412	6	0				34102		1	44	0	1	43			51			10				0	999	30	3						0	0	0		1	1
3413	6	0				34103		1	49	0	1	48			51			10				0	999	30	3						0	0	0		1	1
3510	6	0				35100		1	24	0	1	23			51			10				0	999	30	3						0	0	0		1	1
3511	6	0				35101		1	39	0	1	38			51			10				0	999	30	3						0	0	0		1	1
3512	6	0				35102		1	44	0	1	43			51			10				0	999	30	3						0	0	0		1	1
3513	6	0				35103		1	49	0	1	48			51			10				0	999	30	3						0	0	0		1	1
3341	6	0				33401		1	54	0	1	53			50			10				0	999	30	3						0	0	0		1	1
3342	6	0				33402		1	59	0	1	58			50			10				0	999	30	3						0	0	0		1	1
3343	6	0				33403		1	64	0	1	63			50			10				0	999	30	3						0	0	0		1	1
3344	6	0				33404		1	69	0	1	68			50			10				0	999	30	3						0	0	0		1	1
3441	6	0				34401		1	54	0	1	53			50			10				0	999	30	3						0	0	0		1	1
3442	6	0				34402		1	59	0	1	58			50			10				0	999	30	3						0	0	0		1	1
3443	6	0				34403		1	64	0	1	63			50			10				0	999	30	3						0	0	0		1	1
3444	6	0				34404		1	69	0	1	68			50			10				0	999	30	3						0	0	0		1	1
3541	6	0				35401		1	54	0	1	53			50			10				0	999	30	3						0	0	0		1	1
3542	6	0				35402		1	59	0	1	58			50			10				0	999	30	3						0	0	0		1	1
3543	6	0				35403		1	64	0	1	63			50			10				0	999	30	3						0	0	0		1	1
3544	6	0				35404		1	69	0	1	68			50			10				0	999	30	3						0	0	0		1	1
3370	6	0				33700		1	90	0	1	89			50			10				0	999	30	3						0	0	0		1	1
3371	6	0				33701		1	71	0	1	70			50			10				0	999	30	3						0	0	0		1	1
3372	6	0				33702		1	90	0	1	89			50			10				0	999	30	3						0	0	0		1	1
3373	6	0				33703		1	87	0	1	86			50			10				0	999	30	3						0	0	0		1	1
3374	6	0				33704		1	90	0	1	89			50			10				0	999	30	3						0	0	0		1	1
3375	6	0				33705		1	79	0	1	78			50			10				0	999	30	3						0	0	0		1	1
3376	6	0				33706		1	71	0	1	70			50			10				0	999	30	3						0	0	0		1	1
3377	6	0				33707		1	79	0	1	78			50			10				0	999	30	3						0	0	0		1	1
3378	6	0				33708		1	87	0	1	86			50			10				0	999	30	3						0	0	0		1	1
3379	6	0				33709		1	90	0	1	89			50			10				0	999	30	3						0	0	0		1	1
3380	6	0				33710		1	90	0	1	89			50			10				0	999	30	3						0	0	0		1	1
3381	6	0				33711		1	90	0	1	89			50			10				0	999	30	3						0	0	0		1	1
3382	6	0				33712		1	90	0	1	89			50			10				0	999	30	3						0	0	0		1	1
3383	6	0				33713		1	90	0	1	89			50			10				0	999	30	3						0	0	0		1	1
3384	6	0				33714		1	90	0	1	89			50			10				0	999	30	3						0	0	0		1	1
3385	6	0				33715		1	90	0	1	89			50			10				0	999	30	3						0	0	0		1	1
3386	6	0				33716		1	90	0	1	89			50			10				0	999	30	3						0	0	0		1	1
3387	6	0				33717		1	90	0	1	89			50			10				0	999	30	3						0	0	0		1	1
3388	6	0				33718		1	90	0	1	89			50			10				0	999	30	3						0	0	0		1	1
3389	6	0				33719		1	90	0	1	89			50			10				0	999	30	3						0	0	0		1	1
3390	6	0				33720		1	90	0	1	89			50			10				0	999	30	3						0	0	0		1	1
3391	6	0				33721		1	90	0	1	89			50			10				0	999	30	3						0	0	0		1	1
3392	6	0				33722		1	90	0	1	89			50			10				0	999	30	3						0	0	0		1	1
3393	6	0				33723		1	90	0	1	89			50			10				0	999	30	3						0	0	0		1	1
3394	6	0				33724		1	90	0	1	89			50			10				0	999	30	3						0	0	0		1	1
3395	6	0				33725		1	90	0	1	89			50			10				0	999	30	3						0	0	0		1	1
3396	6	0				33726		1	90	0	1	89			50			10				0	999	30	3						0	0	0		1	1
3397	6	0				33727		1	90	0	1	89			50			10				0	999	30	3						0	0	0		1	1
3398	6	0				33728		1	90	0	1	89			50			10				0	999	30	3						0	0	0		1	1
3399	6	0				33729		1	90	0	1	89			50			10				0	999	30	3						0	0	0		1	1
3400	6	0				33730		1	90	0	1	89			50			10				0	999	30	3						0	0	0		1	1
3401	6	0				33731		1	90	0	1	89			50			10				0	999	30	3						0	0	0		1	1
3402	6	0				33732		1	90	0	1	89			50			10				0	999	30	3						0	0	0		1	1
3403	6	0				33733		1	90	0	1	89			50			10				0	999	30	3						0	0	0		1	1
3404	6	0				33734		1	90	0	1	89			50			10				0	999	30	3						0	0	0		1	1
3405	6	0				33735		1	90	0	1	89			50			10				0	999	30	3						0	0	0		1	1
3406	6	0				33736		1	90	0	1	89			50			10				0	999	30	3						0	0	0		1	1
3407	6	0				33737		1	90	0	1	89			50			10				0	999	30	3						0	0	0		1	1
3408	6	0				33738		1	90	0	1	89			50			10				0	999	30	3						0	0	0		1	1
3409	6	0				33739		1	90	0	1	89			50			10				0	999	30	3						0	0	0		1	1
3100	6	0				33740		1	90	0	1	89			50			10				0	999	30	3						0	0	0		1	1
3101	6	0				33741		1	90	0	1	89			50			10				0	999	30	3						0	0	0		1	1
3102	6	0				33742		1	90	0	1	89			50			10				0	999	30	3						0	0	0		1	1
3103	6	0				33743		1	90	0	1	89			50			10				0	999	30	3						0	0	0		1	1
3104	6	0				33744		1	90	0	1	89			50			10				0	999	30	3						0	0	0		1	1
3470	6	0				34700		1	90	0	1	89			50			10				0	999	30	3						0	0	0		1	1
3471	6	0				34701		1	73	0	1	72			50			10				0	999	30	3						0	0	0		1	1
3472	6	0				34702		1	90	0	1	89			50			10				0	999	30	3						0	0	0		1	1
3473	6	0				34703		1	89	0	1	88			50			10				0	999	30	3						0	0	0		1	1
3474	6	0				34704		1	90	0	1	89			50			10				0	999	30	3						0	0	0		1	1
3475	6	0				34705		1	81	0	1	80			50			10				0	999	30	3						0	0	0		1	1
3476	6	0				34706		1	73	0	1	72			50			10				0	999	30	3						0	0	0		1	1
3477	6	0				34707		1	81	0	1	80			50			10				0	999	30	3						0	0	0		1	1
3478	6	0				34708		1	89	0	1	88			50			10				0	999	30	3						0	0	0		1	1
3479	6	0				34709		1	90	0	1	89			50			10				0	999	30	3						0	0	0		1	1
3480	6	0				34710		1	90	0	1	89			50			10				0	999	30	3						0	0	0		1	1
3481	6	0				34711		1	90	0	1	89			50			10				0	999	30	3						0	0	0		1	1
3482	6	0				34712		1	90	0	1	89			50			10				0	999	30	3						0	0	0		1	1
3483	6	0				34713		1	90	0	1	89			50			10				0	999	30	3						0	0	0		1	1
3484	6	0				34714		1	90	0	1	89			50			10				0	999	30	3						0	0	0		1	1
3485	6	0				34715		1	90	0	1	89			50			10				0	999	30	3						0	0	0		1	1
3486	6	0				34716		1	90	0	1	89			50			10				0	999	30	3						0	0	0		1	1
3487	6	0				34717		1	90	0	1	89			50			10				0	999	30	3						0	0	0		1	1
3488	6	0				34718		1	90	0	1	89			50			10				0	999	30	3						0	0	0		1	1
3489	6	0				34719		1	90	0	1	89			50			10				0	999	30	3						0	0	0		1	1
3490	6	0				34720		1	90	0	1	89			50			10				0	999	30	3						0	0	0		1	1
3491	6	0				34721		1	90	0	1	89			50			10				0	999	30	3						0	0	0		1	1
3492	6	0				34722		1	90	0	1	89			50			10				0	999	30	3						0	0	0		1	1
3493	6	0				34723		1	90	0	1	89			50			10				0	999	30	3						0	0	0		1	1
3494	6	0				34724		1	90	0	1	89			50			10				0	999	30	3						0	0	0		1	1
3495	6	0				34725		1	90	0	1	89			50			10				0	999	30	3						0	0	0		1	1
3496	6	0				34726		1	90	0	1	89			50			10				0	999	30	3						0	0	0		1	1
3497	6	0				34727		1	90	0	1	89			50			10				0	999	30	3						0	0	0		1	1
3498	6	0				34728		1	90	0	1	89			50			10				0	999	30	3						0	0	0		1	1
3499	6	0				34729		1	90	0	1	89			50			10				0	999	30	3						0	0	0		1	1
3500	6	0				34730		1	90	0	1	89			50			10				0	999	30	3						0	0	0		1	1
3501	6	0				34731		1	90	0	1	89			50			10				0	999	30	3						0	0	0		1	1
3502	6	0				34732		1	90	0	1	89			50			10				0	999	30	3						0	0	0		1	1
3503	6	0				34733		1	90	0	1	89			50			10				0	999	30	3						0	0	0		1	1
3504	6	0				34734		1	90	0	1	89			50			10				0	999	30	3						0	0	0		1	1
3505	6	0				34735		1	90	0	1	89			50			10				0	999	30	3						0	0	0		1	1
3506	6	0				34736		1	90	0	1	89			50			10				0	999	30	3						0	0	0		1	1
3507	6	0				34737		1	90	0	1	89			50			10				0	999	30	3						0	0	0		1	1
3508	6	0				34738		1	90	0	1	89			50			10				0	999	30	3						0	0	0		1	1
3509	6	0				34739		1	90	0	1	89			50			10				0	999	30	3						0	0	0		1	1
3200	6	0				34740		1	90	0	1	89			50			10				0	999	30	3						0	0	0		1	1
3201	6	0				34741		1	90	0	1	89			50			10				0	999	30	3						0	0	0		1	1
3202	6	0				34742		1	90	0	1	89			50			10				0	999	30	3						0	0	0		1	1
3203	6	0				34743		1	90	0	1	89			50			10				0	999	30	3						0	0	0		1	1
3204	6	0				34744		1	90	0	1	89			50			10				0	999	30	3						0	0	0		1	1
3570	6	0				35700		1	90	0	1	89			50			10				0	999	30	3						0	0	0		1	1
3571	6	0				35701		1	75	0	1	74			50			10				0	999	30	3						0	0	0		1	1
3572	6	0				35702		1	90	0	1	89			50			10				0	999	30	3						0	0	0		1	1
3573	6	0				35703		1	90	0	1	89			50			10				0	999	30	3						0	0	0		1	1
3574	6	0				35704		1	90	0	1	89			50			10				0	999	30	3						0	0	0		1	1
3575	6	0				35705		1	84	0	1	83			50			10				0	999	30	3						0	0	0		1	1
3576	6	0				35706		1	75	0	1	74			50			10				0	999	30	3						0	0	0		1	1
3577	6	0				35707		1	84	0	1	83			50			10				0	999	30	3						0	0	0		1	1
3578	6	0				35708		1	90	0	1	89			50			10				0	999	30	3						0	0	0		1	1
3579	6	0				35709		1	90	0	1	89			50			10				0	999	30	3						0	0	0		1	1
3580	6	0				35710		1	90	0	1	89			50			10				0	999	30	3						0	0	0		1	1
3581	6	0				35711		1	90	0	1	89			50			10				0	999	30	3						0	0	0		1	1
3582	6	0				35712		1	90	0	1	89			50			10				0	999	30	3						0	0	0		1	1
3583	6	0				35713		1	90	0	1	89			50			10				0	999	30	3						0	0	0		1	1
3584	6	0				35714		1	90	0	1	89			50			10				0	999	30	3						0	0	0		1	1
3585	6	0				35715		1	90	0	1	89			50			10				0	999	30	3						0	0	0		1	1
3586	6	0				35716		1	90	0	1	89			50			10				0	999	30	3						0	0	0		1	1
3587	6	0				35717		1	90	0	1	89			50			10				0	999	30	3						0	0	0		1	1
3588	6	0				35718		1	90	0	1	89			50			10				0	999	30	3						0	0	0		1	1
3589	6	0				35719		1	90	0	1	89			50			10				0	999	30	3						0	0	0		1	1
3590	6	0				35720		1	90	0	1	89			50			10				0	999	30	3						0	0	0		1	1
3591	6	0				35721		1	90	0	1	89			50			10				0	999	30	3						0	0	0		1	1
3592	6	0				35722		1	90	0	1	89			50			10				0	999	30	3						0	0	0		1	1
3593	6	0				35723		1	90	0	1	89			50			10				0	999	30	3						0	0	0		1	1
3594	6	0				35724		1	90	0	1	89			50			10				0	999	30	3						0	0	0		1	1
3595	6	0				35725		1	90	0	1	89			50			10				0	999	30	3						0	0	0		1	1
3596	6	0				35726		1	90	0	1	89			50			10				0	999	30	3						0	0	0		1	1
3597	6	0				35727		1	90	0	1	89			50			10				0	999	30	3						0	0	0		1	1
3598	6	0				35728		1	90	0	1	89			50			10				0	999	30	3						0	0	0		1	1
3599	6	0				35729		1	90	0	1	89			50			10				0	999	30	3						0	0	0		1	1
3600	6	0				35730		1	90	0	1	89			50			10				0	999	30	3						0	0	0		1	1
3601	6	0				35731		1	90	0	1	89			50			10				0	999	30	3						0	0	0		1	1
3602	6	0				35732		1	90	0	1	89			50			10				0	999	30	3						0	0	0		1	1
3603	6	0				35733		1	90	0	1	89			50			10				0	999	30	3						0	0	0		1	1
3604	6	0				35734		1	90	0	1	89			50			10				0	999	30	3						0	0	0		1	1
3605	6	0				35735		1	90	0	1	89			50			10				0	999	30	3						0	0	0		1	1
3606	6	0				35736		1	90	0	1	89			50			10				0	999	30	3						0	0	0		1	1
3607	6	0				35737		1	90	0	1	89			50			10				0	999	30	3						0	0	0		1	1
3608	6	0				35738		1	90	0	1	89			50			10				0	999	30	3						0	0	0		1	1
3609	6	0				35739		1	90	0	1	89			50			10				0	999	30	3						0	0	0		1	1
3300	6	0				35740		1	90	0	1	89			50			10				0	999	30	3						0	0	0		1	1
3301	6	0				35741		1	90	0	1	89			50			10				0	999	30	3						0	0	0		1	1
3302	6	0				35742		1	90	0	1	89			50			10				0	999	30	3						0	0	0		1	1
3303	6	0				35743		1	90	0	1	89			50			10				0	999	30	3						0	0	0		1	1
3304	6	0				35744		1	90	0	1	89			50			10				0	999	30	3						0	0	0		1	1
4001	5	0				40001		1	8	1	1	7			14			5	3			0	60	30	3	1	3				0	0	0		1	2
4003	2	0				20010		1	12	3	1	11			15			5	3			0	60	30	3	1	3				0	0	0		1	2
4005	2	0				20014		1	21	12	1	20			11			5	3			0	60	30	3	1	3				0	0	0		1	2
4007	2	0				40008		1	25	16	15	24			65			5	3			230001	999	30	30	1	3				0	0	0		1	1
4010	2	0				40009		1	20	11	12	19			64			5	3			230000	999	30	30	1	3				0	0	0		1	1
4011	2	0				40014		1	30	21	18	29			66			5	3			230002	999	30	30	1	3				0	0	0		1	1
4012	2	0				40013		1	12	3	1	11			47			5	3			0	60	30	3	1	3				0	0	0		1	2
4013	2	0				40009		1	1	1	1	0			64			10	99			0	60	30	3						0	0	0		1	2
4014	2	0				40008		1	1	1	1	0			65			10	99			0	120	30	3						0	0	0		1	2
4015	2	0				40014		1	30	21	18	29			66			5	3			230002	999	30	3	1	3				0	0	0		1	2
4016	2	0				40015		1	70	61	35	69			71			10	99			230007	999	30	30						0	0	0		2	1
4017	2	0				40018		1	1	1	1	0			72			10	99			0	120	30	3						0	0	0		2	2
4018	2	0				40016		1	50	41	27	49			69			10	10			230005	999	30	30						0	0	0		2	1
4019	2	0				40017		1	60	51	1	59			70			10	10			0	120	30	3						0	0	0		2	2
4020	2	0				40019		1	60	51	30	59			73			10	10			230006	999	30	30						0	0	0		2	1
4021	2	0				40020		1	45	36	24	44			74			10	10			230004	999	30	30						0	0	0		2	1
4022	10	0				40026		1	20	11	16	19			87			10	99			226001	999	30	3						0	0	0		1	1
4023	10	0				40030		1	20	11	16	19			89			10	99			226002	999	30	3						0	0	0		1	1
4024	10	0				40031		1	20	11	16	19			90			10	99			226003	999	30	3						0	0	0		1	1
4025	10	0				40032		1	20	11	16	19			91			10	99			226004	999	30	3						0	0	0		1	1
4026	10	0				40033		1	20	11	16	19			92			10	99			226005	999	30	3						0	0	0		1	1
4027	10	0				40034		1	20	11	16	19			93			10	99			226006	999	30	3						0	0	0		1	1
4028	10	0				40035		1	20	11	16	19			94			10	99			226007	999	30	3						0	0	0		1	1
4029	10	0				40036		1	20	11	16	19			95			10	99			226008	999	30	3						0	0	0		1	1
4030	9	0				40037		2	0	1	1	0			165		10	999	999			0	999	30	30						0	0	0	1551:100	2	1
4031	9	0				40038		2	0	1	1	0			165		10	999	999			0	999	30	30						0	0	0	1551:100	2	1
4032	9	0				40039		2	0	1	1	0			165		10	999	999			0	999	30	30						0	0	0	1553:100	2	1
4033	9	0				40040		2	0	1	1	0			165		10	999	999			0	999	30	30						0	0	0	1553:100	2	1
4034	9	0				40041		2	0	1	1	0			165		10	999	999			0	999	30	30						0	0	0	1552:100	2	1
4035	9	0				40042		2	0	1	1	0			165		10	999	999			0	999	30	30						0	0	0	1552:100	2	1
4036	9	0				40043		2	0	1	1	0			165		10	999	999			0	999	30	30						0	0	0	1554:100	2	1
4037	2	0				40046		2	1	1	1	0			75			10	99			0	120	30	30						0	0	0		1	1
4038	2	0	1			40045		1	28	19	32	27			51			10	99			230202	120	30	3						0	0	0		3	1
4039	2	0	1			40047		1	30	21	35	29			51			10	99			230203	120	30	3						0	0	0		3	1
4040	2	0	1			40044		1	26	17	30	25			51			10	99			230201	120	30	3						0	0	0		3	1
4041	2	0	1			40048		1	32	23	38	31			51			10	99			230204	120	30	3						0	0	0		3	1
4042	2	0	1			40049		1	34	25	40	33			51			10	99			230205	120	30	3						0	0	0		3	1
4043	2	0	1			40050		1	34	25	40	33			51			5	99			0	120	30	3						0	0	0		3	1
4044	2	0	1			40051		1	28	19	24	27			247			10	99			230211	120	30	3						0	0	0		4	1
4045	2	0	1			40052		1	32	23	32	31			248			10	99			230213	120	30	3						0	0	0		4	1
4046	2	0	1			40053		1	26	17	20	25			249			10	99			230210	120	30	3						0	0	0	1737:100	4	1
4047	2	0	1			40054		1	30	21	28	29			250			10	99			230212	120	30	3						0	0	0	1736:100	4	1
4048	35	0				40059		2	0	1	1	0			165		10	10	999			0	999	30	30					1	0	0	0		1	1
4049	35	0				40060		2	0	1	1	0			165		10	10	999			0	999	30	30					1	0	0	0		1	1
4050	35	0				40061		2	0	1	1	0			165		10	10	999			0	999	30	30					1	0	0	0		1	1
4051	35	0				40062		2	0	1	1	0			165		10	10	999			0	999	30	30					1	0	0	0		1	1
4052	35	0	1			40055		2	30	21	1	29			165		10	10	999			0	999	30	30					1	0	0	0		1	1
4053	35	0	1			40056		2	30	21	1	29			165		10	10	999			0	999	30	30					1	0	0	0		1	1
4054	35	0	1			40057		2	30	21	1	29			165		10	10	999			0	999	30	30					1	0	0	0		1	1
4055	35	0	1			40058		2	30	21	1	29			165		10	10	999			0	999	30	30					1	0	0	0		1	1
4601	2	0				50011		1	70	61	70	69			29			5	100			0	60	30	3	1	3				0	0	0		1	2
4602	2	0				50011		1	70	61	70	69			29			5	100			0	60	30	3	1	3				0	0	0		1	2
4603	2	0				50011		1	70	61	70	69			29			5	100			0	60	30	3	1	3				0	0	0		1	2
4200	3	2				40200		2	38	29	1	37			51			0	3			0	999	30	30	1					106	20	82012700	1302:100	1	1
4201	3	2				40201		2	54	45	28	53			51			0	3			0	999	30	30	1					106	20	82013300	1302:100	1	1
4202	3	2				40202		2	71	62	36	70			51			0	3			0	999	30	30	1					106	20	82014100	1303:100	1	1
4203	3	2				40203		2	88	79	45	87			51			0	3			0	999	30	30	1					106	20	82015000	1303:100	1	1
4210	3	2				40200		2	38	29	1	37			51			0	3			0	999	30	30	1					106	20	82112700	1302:100	1	1
4211	3	2				40201		2	54	45	28	53			51			0	3			0	999	30	30	1					106	20	82113300	1302:100	1	1
4212	3	2				40202		2	71	62	36	70			51			0	3			0	999	30	30	1					106	20	82114100	1303:100	1	1
4213	3	2				40203		2	88	79	45	87			51			0	3			0	999	30	30	1					106	20	82115000	1303:100	1	1
4220	3	2				40200		2	38	29	1	37			51			0	3			0	999	30	30	1					106	20	82212700	1302:100	1	1
4221	3	2				40201		2	54	45	28	53			51			0	3			0	999	30	30	1					106	20	82213300	1302:100	1	1
4222	3	2				40202		2	71	62	36	70			51			0	3			0	999	30	30	1					106	20	82214100	1303:100	1	1
4223	3	2				40203		2	88	79	45	87			51			0	3			0	999	30	30	1					106	20	82215000	1303:100	1	1
4230	3	2				40200		2	38	29	1	37			51			0	3			0	999	30	30	1					106	20	82312700	1302:100	1	1
4231	3	2				40201		2	54	45	28	53			51			0	3			0	999	30	30	1					106	20	82313300	1302:100	1	1
4232	3	2				40202		2	71	62	36	70			51			0	3			0	999	30	30	1					106	20	82314100	1303:100	1	1
4233	3	2				40203		2	88	79	45	87			51			0	3			0	999	30	30	1					106	20	82315000	1303:100	1	1
4300	3	3				40300		2	15	6	1	14			51			0	3			0	999	30	30	1					106	20	83011300	1301:100	2	1
4301	3	3				40301		2	36	27	21	35			51			0	3			0	999	30	30	1					106	20	83012600	1301:100	2	1
4302	3	3				40302		2	59	50	30	58			51			0	3			0	999	30	30	1					106	20	83013500	1301:100	2	1
4303	3	3				40303		2	80	71	40	79			62			0	3			0	999	30	30	1					106	20	83014500	1301:100	2	1
4310	3	3				40300		2	15	6	1	14			51			0	3			0	999	30	30	1					106	20	83111300	1301:100	2	1
4311	3	3				40301		2	36	27	21	35			51			0	3			0	999	30	30	1					106	20	83112600	1301:100	2	1
4312	3	3				40302		2	59	50	30	58			51			0	3			0	999	30	30	1					106	20	83113500	1301:100	2	1
4313	3	3				40303		2	80	71	40	79			62			0	3			0	999	30	30	1					106	20	83114500	1301:100	2	1
4320	3	3				40300		2	15	6	1	14			51			0	3			0	999	30	30	1					106	20	83211300	1301:100	2	1
4321	3	3				40301		2	36	27	21	35			51			0	3			0	999	30	30	1					106	20	83212600	1301:100	2	1
4322	3	3				40302		2	59	50	30	58			51			0	3			0	999	30	30	1					106	20	83213500	1301:100	2	1
4323	3	3				40303		2	80	71	40	79			62			0	3			0	999	30	30	1					106	20	83214500	1301:100	2	1
4330	3	3				40300		2	15	6	1	14			51			0	3			0	999	30	30	1					106	20	83311300	1301:100	2	1
4331	3	3				40301		2	36	27	21	35			51			0	3			0	999	30	30	1					106	20	83312600	1301:100	2	1
4332	3	3				40302		2	59	50	30	58			51			0	3			0	999	30	30	1					106	20	83313500	1301:100	2	1
4333	3	3				40303		2	80	71	40	79			62			0	3			0	999	30	30	1					106	20	83314500	1301:100	2	1
4340	3	3				40900		2	15	6	1	14			51			0	3			0	999	30	30	1					106	20	83131300	1605:100	3	1
4341	3	3				40901		2	36	27	21	35			51			0	3			0	999	30	30	1					106	20	83132600	1605:100	3	1
4342	3	3				40902		2	59	50	30	58			51			0	3			0	999	30	30	1					106	20	83133500	1605:100	3	1
4343	3	3				40903		2	80	71	40	79			51			0	3			0	999	30	30	1					106	20	83134500	1605:100	3	1
4350	3	3				40900		2	15	6	1	14			51			0	3			0	999	30	30	1					106	20	83231300	1605:100	3	1
4351	3	3				40901		2	36	27	21	35			51			0	3			0	999	30	30	1					106	20	83232600	1605:100	3	1
4352	3	3				40902		2	59	50	30	58			51			0	3			0	999	30	30	1					106	20	83233500	1605:100	3	1
4353	3	3				40903		2	80	71	40	79			51			0	3			0	999	30	30	1					106	20	83234500	1605:100	3	1
4360	3	3				40900		2	15	6	1	14			51			0	3			0	999	30	30	1					106	20	83331300	1605:100	3	1
4361	3	3				40901		2	36	27	21	35			51			0	3			0	999	30	30	1					106	20	83332600	1605:100	3	1
4362	3	3				40902		2	59	50	30	58			51			0	3			0	999	30	30	1					106	20	83333500	1605:100	3	1
4363	3	3				40903		2	80	71	40	79			51			0	3			0	999	30	30	1					106	20	83334500	1605:100	3	1
4370	3	3				40754		2	15	6	1	14			51			0	3			0	999	30	30	1					106	20	83141300	1726:100	4	1
4371	3	3				40755		2	36	27	21	35			51			0	3			0	999	30	30	1					106	20	83142600	1726:100	4	1
4372	3	3				40756		2	59	50	30	58			51			0	3			0	999	30	30	1					106	20	83143500	1726:100	4	1
4373	3	3				40757		2	80	71	40	79			51			0	3			0	999	30	30	1					106	20	83144500	1726:100	4	1
4374	3	3				40754		2	15	6	1	14			51			0	3			0	999	30	30	1					106	20	83241300	1726:100	4	1
4375	3	3				40755		2	36	27	21	35			51			0	3			0	999	30	30	1					106	20	83242600	1726:100	4	1
4376	3	3				40756		2	59	50	30	58			51			0	3			0	999	30	30	1					106	20	83243500	1726:100	4	1
4377	3	3				40757		2	80	71	40	79			51			0	3			0	999	30	30	1					106	20	83244500	1726:100	4	1
4378	3	3				40754		2	15	6	1	14			51			0	3			0	999	30	30	1					106	20	83341300	1726:100	4	1
4379	3	3				40755		2	36	27	21	35			51			0	3			0	999	30	30	1					106	20	83342600	1726:100	4	1
4380	3	3				40756		2	59	50	30	58			51			0	3			0	999	30	30	1					106	20	83343500	1726:100	4	1
4381	3	3				40757		2	80	71	40	79			51			0	3			0	999	30	30	1					106	20	83344500	1726:100	4	1
4400	3	2				40950		2	38	29	1	37			51			0	3			0	999	30	30	1					106	20	82132700	1604:100	3	1
4401	3	2				40951		2	54	45	28	53			51			0	3			0	999	30	30	1					106	20	82133300	1604:100	3	1
4402	3	2				40952		2	71	62	36	70			51			0	3			0	999	30	30	1					106	20	82134100	1604:100	3	1
4403	3	2				40953		2	88	79	45	87			51			0	3			0	999	30	30	1					106	20	82135000	1604:100	3	1
4410	3	2				40950		2	38	29	1	37			51			0	3			0	999	30	30	1					106	20	82232700	1604:100	3	1
4411	3	2				40951		2	54	45	28	53			51			0	3			0	999	30	30	1					106	20	82233300	1604:100	3	1
4412	3	2				40952		2	71	62	36	70			51			0	3			0	999	30	30	1					106	20	82234100	1604:100	3	1
4413	3	2				40953		2	88	79	45	87			51			0	3			0	999	30	30	1					106	20	82235000	1604:100	3	1
4420	3	2				40950		2	38	29	1	37			51			0	3			0	999	30	30	1					106	20	82332700	1604:100	3	1
4421	3	2				40951		2	54	45	28	53			51			0	3			0	999	30	30	1					106	20	82333300	1604:100	3	1
4422	3	2				40952		2	71	62	36	70			51			0	3			0	999	30	30	1					106	20	82334100	1604:100	3	1
4423	3	2				40953		2	88	79	45	87			51			0	3			0	999	30	30	1					106	20	82335000	1604:100	3	1
4430	3	2				40750		2	38	29	1	37			51			0	3			0	999	30	30	1					106	20	82142700	1725:100	4	1
4431	3	2				40751		2	54	45	28	53			51			0	3			0	999	30	30	1					106	20	82143300	1725:100	4	1
4432	3	2				40752		2	71	62	36	70			51			0	3			0	999	30	30	1					106	20	82144100	1725:100	4	1
4433	3	2				40753		2	88	79	45	87			51			0	3			0	999	30	30	1					106	20	82145000	1725:100	4	1
4440	3	2				40750		2	38	29	1	37			51			0	3			0	999	30	30	1					106	20	82242700	1725:100	4	1
4441	3	2				40751		2	54	45	28	53			51			0	3			0	999	30	30	1					106	20	82243300	1725:100	4	1
4442	3	2				40752		2	71	62	36	70			51			0	3			0	999	30	30	1					106	20	82244100	1725:100	4	1
4443	3	2				40753		2	88	79	45	87			51			0	3			0	999	30	30	1					106	20	82245000	1725:100	4	1
4450	3	2				40750		2	38	29	1	37			51			0	3			0	999	30	30	1					106	20	82342700	1725:100	4	1
4451	3	2				40751		2	54	45	28	53			51			0	3			0	999	30	30	1					106	20	82343300	1725:100	4	1
4452	3	2				40752		2	71	62	36	70			51			0	3			0	999	30	30	1					106	20	82344100	1725:100	4	1
4453	3	2				40753		2	88	79	45	87			51			0	3			0	999	30	30	1					106	20	82345000	1725:100	4	1
5000	3	1				40500		2	26	17	1	25			51			0	3			0	999	30	30	1					106	20	85112000	1100:100	1	2
5001	3	1				40501		2	34	25	1	33			51			0	3			0	999	30	30	1					106	20	85112500	1101:100	1	1
5002	3	1				40502		2	47	38	25	46			51			0	3			0	999	30	30	1					106	20	85113000	1102:100	1	1
5003	3	1				40503		2	59	50	30	58			51			0	3			0	999	30	30	1					106	20	85113500	1103:100	1	1
5004	3	1				40504		2	69	60	35	68			51			0	3			0	999	30	30	1					106	20	85114000	1104:100	1	1
5005	3	1				40505		2	80	71	40	79			51			0	3			0	999	30	30	1					106	20	85114500	1105:100	1	1
5006	3	1				40506		2	90	81	45	89			51			0	3			0	999	30	30	1					106	20	85115500	1106:100	1	1
5007	3	1				40507		2	60	51	45	59			51			0	3			0	999	30	30	1					106	20	85116000	1107:100	1	2
5008	3	1				40508		2	47	38	25	46			51			0	3			0	999	30	30	1					106	20	85213000	1108:100	1	1
5009	3	1				40509		2	59	50	30	58			51			0	3			0	999	30	30	1					106	20	85213500	1109:100	1	1
5010	3	1				40510		2	69	60	35	68			51			0	3			0	999	30	30	1					106	20	85214000	1110:100	1	1
5011	3	1				40511		2	80	71	40	79			51			0	3			0	999	30	30	1					106	20	85214500	1111:100	1	1
5012	3	1				40512		2	90	81	45	89			51			0	3			0	999	30	30	1					106	20	85215500	1112:100	1	1
5013	3	1				40513		2	60	51	45	59			51			0	3			0	999	30	30	1					106	20	85216000	1113:100	1	2
5014	3	1				40514		2	59	50	30	58			51			0	3			0	999	30	30	1					106	20	85413500	1377:100	1	1
5015	3	1				40515		2	69	60	35	68			51			0	3			0	999	30	30	1					106	20	85414000	1377:100	1	1
5016	3	1				40516		2	80	71	40	79			51			0	3			0	999	30	30	1					106	20	85414500	1378:100	1	1
5017	3	1				40517		2	90	81	45	89			51			0	3			0	999	30	30	1					106	20	85415500	1379:100	1	1
5050	3	1				40650		2	59	50	30	58			51			0	3			0	999	30	30	1					106	20	85143500	1727:100	4	1
5051	3	1				40651		2	69	60	35	68			51			0	3			0	999	30	30	1					106	20	85144000	1727:100	4	1
5052	3	1				40652		2	80	71	40	79			51			0	3			0	999	30	30	1					106	20	85144500	1727:100	4	1
5053	3	1				40653		2	90	81	45	89			51			0	3			0	999	30	30	1					106	20	85145500	1727:100	4	1
5100	3	1				40600		2	34	25	1	33			61			0	3			0	999	30	30	1					106	20	85122500	1114:100	2	1
5101	3	1				40601		2	47	38	25	46			61			0	3			0	999	30	30	1					106	20	85123000	1115:100	2	1
5102	3	1				40602		2	59	50	30	58			61			0	3			0	999	30	30	1					106	20	85123500	1116:100	2	1
5103	3	1				40603		2	69	60	35	68			60			0	3			0	999	30	30	1					106	20	85124000	1117:100	2	1
5104	3	1				40604		2	80	71	40	79			60			0	3			0	999	30	30	1					106	20	85124500	1118:100	2	1
5105	3	1				40605		2	90	81	45	89			60			0	3			0	999	30	30	1					106	20	85125500	1119:100	2	1
5106	3	1				40606		2	60	51	45	59			60			0	3			0	999	30	30	1					106	20	85126000	1120:100	2	2
5107	3	1				40607		2	59	50	30	58			58			0	3			0	999	30	30	1					106	20	85223500	1121:100	2	1
5108	3	1				40608		2	69	60	35	68			58			0	3			0	999	30	30	1					106	20	85224000	1122:100	2	1
5109	3	1				40609		2	80	71	40	79			59			0	3			0	999	30	30	1					106	20	85224500	1123:100	2	1
5110	3	1				40610		2	90	81	45	89			59			0	3			0	999	30	30	1					106	20	85225500	1124:100	2	1
5111	3	1				40611		2	60	51	45	59			57			0	3			0	999	30	30	1					106	20	85226000	1125:100	2	2
5112	3	1				40612		2	69	60	35	68			60			0	3			0	999	30	30	1					106	20	85324000	1126:100	2	1
5113	3	1				40613		2	80	71	40	79			60			0	3			0	999	30	30	1					106	20	85324500	1127:100	2	1
5114	3	1				40614		2	90	81	45	89			60			0	3			0	999	30	30	1					106	20	85325500	1128:100	2	1
5115	3	1				40615		2	60	51	45	59			59			0	3			0	999	30	30	1					106	20	85326000	1129:100	2	2
5120	3	1				40404		2	59	50	30	58			58			0	3			0	999	30	30	1					106	20	85313500	1344:100	1	1
5121	3	1				40408		2	69	60	35	68			58			0	3			0	999	30	30	1					106	20	85314000	1344:100	1	1
5122	3	1				40409		2	80	71	40	79			59			0	3			0	999	30	30	1					106	20	85314500	1344:100	1	1
5123	3	1				40410		2	90	81	45	89			59			0	3			0	999	30	30	1					106	20	85315500	1344:100	1	1
5125	3	1				40617		2	59	50	30	58			58			0	3			0	999	30	30	1					106	20	85333500	1700:100	2	1
5126	3	1				40618		2	69	60	35	68			58			0	3			0	999	30	30	1					106	20	85334000	1700:100	2	1
5127	3	1				40619		2	80	71	40	79			59			0	3			0	999	30	30	1					106	20	85334500	1700:100	2	1
5128	3	1				40620		2	90	81	45	89			59			0	3			0	999	30	30	1					106	20	85335500	1700:100	2	1
5200	3	1				40801		2	59	50	30	58			51			0	3			0	999	30	30	1					106	20	85133500	1606:100	3	1
5201	3	1				40802		2	69	60	35	68			51			0	3			0	999	30	30	1					106	20	85134000	1606:100	3	1
5202	3	1				40803		2	80	71	40	79			51			0	3			0	999	30	30	1					106	20	85134500	1606:100	3	1
5203	3	1				40804		2	90	81	45	89			51			0	3			0	999	30	30	1					106	20	85135500	1606:100	3	1
5204	3	1				40806		2	59	50	30	58			51			0	3			0	999	30	30	1					106	20	85233500	1677:100	3	1
5205	3	1				40807		2	69	60	35	68			51			0	3			0	999	30	30	1					106	20	85234000	1677:100	3	1
5206	3	1				40808		2	80	71	40	79			51			0	3			0	999	30	30	1					106	20	85234500	1677:100	3	1
5207	3	1				40809		2	90	81	45	89			51			0	3			0	999	30	30	1					106	20	85235500	1677:100	3	1
5210	3	3				40400		2	15	6	1	14			51			0	3			0	999	30	30	1					106	20	83021300	1304:100	2	1
5211	3	3				40401		2	36	27	21	35			51			0	3			0	999	30	30	1					106	20	83022600	1304:100	2	1
5212	3	3				40402		2	59	50	30	58			51			0	3			0	999	30	30	1					106	20	83023500	1305:100	2	1
5213	3	3				40403		2	80	71	40	79			51			0	3			0	999	30	30	1					106	20	83024500	1305:100	2	1
5214	3	3				40400		2	15	6	1	14			51			0	3			0	999	30	30	1					106	20	83121300	1304:100	2	1
5215	3	3				40401		2	36	27	21	35			51			0	3			0	999	30	30	1					106	20	83122600	1304:100	2	1
5216	3	3				40402		2	59	50	30	58			51			0	3			0	999	30	30	1					106	20	83123500	1305:100	2	1
5217	3	3				40403		2	80	71	40	79			51			0	3			0	999	30	30	1					106	20	83124500	1305:100	2	1
5218	3	3				40400		2	15	6	1	14			51			0	3			0	999	30	30	1					106	20	83221300	1304:100	2	1
5219	3	3				40401		2	36	27	21	35			51			0	3			0	999	30	30	1					106	20	83222600	1304:100	2	1
5220	3	3				40402		2	59	50	30	58			51			0	3			0	999	30	30	1					106	20	83223500	1305:100	2	1
5221	3	3				40403		2	80	71	40	79			51			0	3			0	999	30	30	1					106	20	83224500	1305:100	2	1
5222	3	3				40400		2	15	6	1	14			51			0	3			0	999	30	30	1					106	20	83321300	1304:100	2	1
5223	3	3				40401		2	36	27	21	35			51			0	3			0	999	30	30	1					106	20	83322600	1304:100	2	1
5224	3	3				40402		2	59	50	30	58			51			0	3			0	999	30	30	1					106	20	83323500	1305:100	2	1
5225	3	3				40403		2	80	71	40	79			51			0	3			0	999	30	30	1					106	20	83324500	1305:100	2	1
5250	3	2				40100		2	38	29	1	37			51			0	3			0	999	30	30	1					106	20	82022700	1300:100	2	1
5251	3	2				40101		2	54	45	28	53			51			0	3			0	999	30	30	1					106	20	82023300	1300:100	2	1
5252	3	2				40102		2	71	62	36	70			51			0	3			0	999	30	30	1					106	20	82024100	1300:100	2	1
5253	3	2				40105		2	88	79	45	87			51			0	3			0	999	30	30	1					106	20	82025000	1300:100	2	1
5254	3	2				40100		2	38	29	1	37			51			0	3			0	999	30	30	1					106	20	82122700	1300:100	2	1
5255	3	2				40101		2	54	45	28	53			51			0	3			0	999	30	30	1					106	20	82123300	1300:100	2	1
5256	3	2				40102		2	71	62	36	70			51			0	3			0	999	30	30	1					106	20	82124100	1300:100	2	1
5257	3	2				40105		2	88	79	45	87			51			0	3			0	999	30	30	1					106	20	82125000	1300:100	2	1
5258	3	2				40100		2	38	29	1	37			51			0	3			0	999	30	30	1					106	20	82222700	1300:100	2	1
5259	3	2				40101		2	54	45	28	53			51			0	3			0	999	30	30	1					106	20	82223300	1300:100	2	1
5260	3	2				40102		2	71	62	36	70			51			0	3			0	999	30	30	1					106	20	82224100	1300:100	2	1
5261	3	2				40105		2	88	79	45	87			51			0	3			0	999	30	30	1					106	20	82225000	1300:100	2	1
5262	3	2				40100		2	38	29	1	37			51			0	3			0	999	30	30	1					106	20	82322700	1300:100	2	1
5263	3	2				40101		2	54	45	28	53			51			0	3			0	999	30	30	1					106	20	82323300	1300:100	2	1
5264	3	2				40102		2	71	62	36	70			51			0	3			0	999	30	30	1					106	20	82324100	1300:100	2	1
5265	3	2				40105		2	88	79	45	87			51			0	3			0	999	30	30	1					106	20	82325000	1300:100	2	1
5116	3	0				40616		2	1	1		0			59			0	3			0	999	30	3	1					106	20	0	43:103	2	2
5300	9	0				40022		2	0		1	0			86		10	999	999			0	999	30	30						0	0	0	1354:100	1	1
5301	9	0				40023		2	0		1	0			86		10	999	999			0	999	30	30						0	0	0	1353:100	1	1
5302	9	0				40024		2	0		1	0			86		10	999	999			0	999	30	30						0	0	0	1355:100	1	1
5303	9	0				40025		2	0		1	0			86		10	999	999			0	999	30	30						0	0	0	1356:100	1	1
5304	9	0				40027		2	0		1	0			86		10	999	999			0	999	30	30						0	0	0	1354:100	1	1
5305	9	0				40028		2	0		1	0			86		10	999	999			0	999	30	30						0	0	0	1353:100	1	1
5306	9	0				40029		2	0		1	0			86		10	999	999			0	999	30	30						0	0	0	1355:100	1	1
5310	12	0	1			35800		2	36		1	35			147		10	999	99			0	999	30	3						0	0	0		1	1
5311	36	0				51008		2	80	0	1	79			173			10	99			0	30	30	30						0	0	0	1745:100	2	1
6000	8	0			2	41000		1	80	1	1	79			116			0				0	999	30	3						0	0	0		1	1
6001	8	0			2	41001		1	80	1	1	79			117			0				0	999	30	3						0	0	0		1	1
6002	8	0			2	41002		1	80	1	1	79			118			0				0	999	30	3						0	0	0		1	1
6003	8	0			2	41003		1	80	1	1	79			119			0				0	999	30	3						0	0	0		1	1
6004	8	0			2	41004		1	80	1	1	79			120			0				0	999	30	3						0	0	0		1	1
6005	8	0			2	41005		1	80	1	1	79			121			0				0	999	30	3						0	0	0		1	1
6006	8	0			2	41006		1	80	1	1	79			122			0				0	999	30	3						0	0	0		1	1
6007	8	0			2	41007		1	80	1	1	79			123			0				0	999	30	3						0	0	0		1	1
6008	8	0			2	41008		1	80	1	1	79			124			0				0	999	30	3						0	0	0		1	1
6009	8	0			2	41009		1	80	1	1	79			125			0				0	999	30	3						0	0	0		1	1
6010	8	0			2	41010		1	80	1	1	79			126			0				0	999	30	3						0	0	0		1	1
6011	8	0			2	41011		1	80	1	1	79			127			0				0	999	30	3						0	0	0		1	1
6012	8	0			2	41012		1	80	1	1	79			128			0				0	999	30	3						0	0	0		1	1
6013	8	0			2	41013		1	80	1	1	79			129			0				0	999	30	3						0	0	0		1	1
6014	8	0			2	41014		1	80	1	1	79			130			0				0	999	30	3						0	0	0		1	1
6015	8	0			2	41015		1	80	1	1	79			131			0				0	999	30	3						0	0	0		1	1
6016	8	0			2	41016		1	80	1	1	79			132			0				0	999	30	3						0	0	0		1	1
6017	8	0			2	41017		1	80	1	1	79			133			0				0	999	30	3						0	0	0		1	1
6018	8	0			2	41018		1	80	1	1	79			134			0				0	999	30	3						0	0	0		1	1
6019	8	0			2	41019		1	80	1	1	79			135			0				0	999	30	3						0	0	0		1	1
6020	8	0			2	41020		1	80	1	1	79			136			0				0	999	30	3						0	0	0		1	1
6021	8	0			2	41021		1	80	1	1	79			137			0				0	999	30	3						0	0	0		1	1
6022	8	0			2	41022		1	80	1	1	79			138			0				0	999	30	3						0	0	0		1	1
6023	8	0			2	41023		1	80	1	1	79			139			0				0	999	30	3						0	0	0		1	1
6024	8	0			2	41024		1	80	1	1	79			140			0				0	999	30	3						0	0	0		1	1
6025	8	0			2	41025		1	80	1	1	79			141			0				0	999	30	3						0	0	0		1	1
6026	8	0			2	41026		1	80	1	1	79			142			0				0	999	30	3						0	0	0		1	1
6027	8	0			2	41027		1	80	1	1	79			143			0				0	999	30	3						0	0	0		1	1
6028	8	0			2	41028		1	80	1	1	79			114			0				0	999	30	3						0	0	0		1	1
6029	8	0			2	41029		1	80	1	1	79			144			0				0	999	30	3						0	0	0		1	1
6030	8	0			2	41030		1	80	1	1	79			145			0				0	999	30	3						0	0	0		1	1
6031	8	0			2	41031		1	80	1	1	79			146			0				0	999	30	3						0	0	0		1	1
6032	8	0			2	41032		1	80	1	1	79			156			0				0	999	30	3						0	0	0		1	1
6033	8	0			2	41033		1	80	1	1	79			160			0				0	999	30	3						0	0	0		1	1
6034	8	0			2	41034		1	80	1	1	79			166			0				0	999	30	3						0	0	0		1	1
6035	8	0			2	41035		1	80	1	1	79			173			0				0	999	30	3						0	0	0		1	1
6036	8	0			2	41036		1	80	1	1	79			174			0				0	999	30	3						0	0	0		1	1
6037	8	0			2	41037		1	80	1	1	79			175			0				0	999	30	3						0	0	0		1	1
6038	8	0			2	41038		1	80	1	1	79			191			0				0	999	30	3						0	0	0		1	1
6039	8	0			2	41039		1	80	1	1	79			192			0				0	999	30	3						0	0	0		1	1
6040	8	0			2	41040		1	80	1	1	79			193			0				0	999	30	3						0	0	0		1	1
6041	8	0			2	41041		1	80	1	1	79			203			0				0	999	30	3						0	0	0		1	1
6042	8	0			2	41042		1	80	1	1	79			205			0				0	999	30	3						0	0	0		1	1
6043	8	0			2	41043		1	80	1	1	79			206			0				0	999	30	3						0	0	0		1	1
6044	8	0			2	41044		1	80	1	1	79			211			0				0	999	30	3						0	0	0		1	1
6045	8	0			2	41045		1	80	1	1	79			212			0				0	999	30	3						0	0	0		1	1
6046	8	0			2	41046		1	80	1	1	79			214			0				0	999	30	3						0	0	0		1	1
6047	8	0			2	41047		1	80	1	1	79			223			0				0	999	30	3						0	0	0		1	1
6048	8	0			2	41048		1	80	1	1	79			233			0				0	999	30	3						0	0	0		1	1
6049	8	0			2	41049		1	80	1	1	79			234			0				0	999	30	3						0	0	0		1	1
6050	8	0			2	41050		1	80	1	1	79			239			0				0	999	30	3						0	0	0		1	1
6051	8	0			2	41051		1	80	1	1	79			240			0				0	999	30	3						0	0	0		1	1
6052	8	0			2	41052		1	80	1	1	79			241			0				0	999	30	3						0	0	0		1	1
6053	8	0			2	41053		1	80	1	1	79			242			0				0	999	30	3						0	0	0		1	1
6054	8	0			2	41054		1	80	1	1	79			253			0				0	999	30	3						0	0	0		1	1
6055	8	0			2	41055		1	80	1	1	79			254			0				0	999	30	3						0	0	0		1	1
6056	8	0			2	41056		1	80	1	1	79			255			0				0	999	30	3						0	0	0		1	1
6057	8	0			2	41057		1	80	1	1	79			268			0				0	999	30	3						0	0	0		1	1
6058	8	0			2	41058		1	80	1	1	79			269			0				0	999	30	3						0	0	0		1	1
7000	11	0				42014		2	11	1	1	10			113			0				0	999	30	3	1					0	0	0	1365:100	2	1
7001	11	0				42006		2	11	1	1	10			100			0				0	999	30	3	1					0	0	0	1365:100	2	1
7002	11	0				42002		2	27	1	1	26			101			0				0	999	30	3	1					0	0	0	1365:100	2	1
7003	11	0				42001		2	33	1	1	32			102			0				0	999	30	3	1					0	0	0	1365:100	2	1
7004	11	0				42007		2	40	1	1	39			103			0				0	999	30	3	1					0	0	0	1365:100	2	1
7005	11	0				42003		2	44	1	1	43			104			0				0	999	30	3	1					0	0	0	1365:100	2	1
7006	11	0				42005		2	47	1	1	46			105			0				0	999	30	3	1					0	0	0	1365:100	2	1
7007	11	0				42004		2	50	1	1	49			106			0				0	999	30	3	1					0	0	0	1365:100	2	1
7008	11	0				42008		2	62	1	1	61			115			0				0	999	30	3	1					0	0	0	1365:100	2	1
7009	11	0				42009		2	33	1	1	32			108			0				0	999	30	3	1					0	0	0	1365:100	2	1
7010	11	0				42010		2	40	1	1	39			109			0				0	999	30	3	1					0	0	0	1365:100	2	1
7011	11	0				42012		2	44	1	1	43			110			0				0	999	30	3	1					0	0	0	1365:100	2	1
7012	11	0				42013		2	47	1	1	46			111			0				0	999	30	3	1					0	0	0	1365:100	2	1
7013	11	0				42011		2	50	1	1	49			112			0				0	999	30	3	1					0	0	0	1365:100	2	1
7100	8	0			3	43001		1	80	1	1	79			149			10				0	60	30	30						0	0	0	1371:100	1	1
7101	8	0			3	43002		1	80	1	1	79			149			10				0	60	30	30						0	0	0	1372:100	1	1
7102	8	0			3	43003		1	80	1	1	79			149			10				0	60	30	30						0	0	0	1373:100	1	1
7103	8	0			3	43004		1	80	1	1	79			149			10				0	60	30	30						0	0	0	1374:100	1	1
7104	8	0			3	43005		1	80	1	1	79			149			10				0	60	30	30						0	0	0	1375:100	1	1
7105	8	0			3	43006		1	80	1	1	79			149			10				0	60	30	30						0	0	0	1376:100	1	1
7106	8	0			3	43007		1	80	1	1	79			149			10				0	60	30	30						0	0	0		1	1
7107	8	0			3	43008		1	80	1	1	79			149			10				0	60	30	30						0	0	0		1	1
7108	8	0			3	43009		1	80	1	1	79			149			10				0	60	30	30						0	0	0		1	1
7109	8	0			3	43010		1	80	1	1	79			149			10				0	60	30	30						0	0	0		1	1
7110	8	0			3	43011		1	80	1	1	79			149			10				0	60	30	30						0	0	0		1	1
7111	8	0			3	43012		1	80	1	1	79			149			10				0	60	30	30						0	0	0		1	1
7112	8	0			3	43013		1	80	1	1	79			149			10				0	60	30	30						0	0	0		1	1
7201	14	0	1			44001		2	30	1	1	29			151			10				0	999	30	3						0	0	0	1465:100	2	1
7202	14	0	1			44002		2	30	1	1	29			155			10				0	999	30	3						0	0	0	1466:100	1	1
7203	14	0	1			44003		2	30	1	1	29			152			10				0	999	30	3						0	0	0	1467:100	2	1
7204	13	0				44004		2	40	1	1	39			159		10	999				0	999	30	30						0	0	0	1461:100	1	1
7205	13	0				44005		2	40	1	1	39			159		10	999				0	999	30	30						0	0	0	1462:100	1	1
7206	13	0				44006		2	40	1	1	39			159		10	999				0	999	30	30						0	0	0	1463:100	1	1
7207	13	0				44007		2	40	1	1	39			159		10	999				0	999	30	30						0	0	0	1464:100	1	1
7208	13	0				44004		2	60	1	1	59			159		10	999				0	999	30	30						0	0	0	1461:100	1	1
7209	13	0				44005		2	60	1	1	59			159		10	999				0	999	30	30						0	0	0	1462:100	1	1
7210	13	0				44006		2	60	1	1	59			159		10	999				0	999	30	30						0	0	0	1463:100	1	1
7211	13	0				44007		2	60	1	1	59			159		10	999				0	999	30	30						0	0	0	1464:100	1	1
7212	13	0				44004		2	80	1	1	79			159		10	999				0	999	30	30						0	0	0	1461:100	1	1
7213	13	0				44005		2	80	1	1	79			159		10	999				0	999	30	30						0	0	0	1462:100	1	1
7214	13	0				44006		2	80	1	1	79			159		10	999				0	999	30	30						0	0	0	1463:100	1	1
7215	13	0				44007		2	80	1	1	79			159		10	999				0	999	30	30						0	0	0	1464:100	1	1
7216	13	0				44004		2	90	1	1	89			159		10	999				0	999	30	30						0	0	0	1461:100	1	1
7217	13	0				44005		2	90	1	1	89			159		10	999				0	999	30	30						0	0	0	1462:100	1	1
7218	13	0				44006		2	90	1	1	89			159		10	999				0	999	30	30						0	0	0	1463:100	1	1
7219	13	0				44007		2	90	1	1	89			159		10	999				0	999	30	30						0	0	0	1464:100	1	1
7221	13	0				44011		2	40	1	1	39			159		10	999				0	60	30	30						0	0	0	1671:100	2	1
7222	13	0				44012		2	40	1	1	39			159		10	999				0	60	30	30						0	0	0	1672:100	1	1
7223	13	0				44013		2	40	1	1	39			159		10	999				0	60	30	30						0	0	0	1673:100	1	1
7224	13	0				44011		2	60	1	1	59			159		10	999				0	60	30	30						0	0	0	1671:100	2	1
7225	13	0				44012		2	60	1	1	59			159		10	999				0	60	30	30						0	0	0	1672:100	1	1
7226	13	0				44013		2	60	1	1	59			159		10	999				0	60	30	30						0	0	0	1673:100	1	1
7227	13	0				44011		2	80	1	1	79			159		10	999				0	60	30	30						0	0	0	1671:100	2	1
7228	13	0				44012		2	80	1	1	79			159		10	999				0	60	30	30						0	0	0	1672:100	1	1
7229	13	0				44013		2	80	1	1	79			159		10	999				0	60	30	30						0	0	0	1673:100	1	1
7230	13	0				44011		2	90	1	1	89			159		10	999				0	60	30	30						0	0	0	1671:100	2	1
7231	13	0				44012		2	90	1	1	89			159		10	999				0	60	30	30						0	0	0	1672:100	1	1
7232	13	0				44013		2	90	1	1	89			159		10	999				0	60	30	30						0	0	0	1673:100	1	1
7301	15	0	1			46001		2	33	1	1	32			171			0				0	999	30	3						0	0	0	1607:100	3	1
7302	21	0	1			20124		2	33	1	1	32			209			0				0	999	30	3						0	0	0		2	1
7310	19	0	1			46101		2	33	1	1	32			204			0				0	999	30	3						0	0	0	1633:100	3	1
7400	16	0				45000		1	80	1	1	79			178			0				0	999	30	3	1					0	0	0	1365:100	2	1
7401	16	0				45002		2	80	1	1	79			179			0				0	999	30	3	1					0	0	0	1365:100	2	1
7402	16	0				45003		2	80	1	1	79			180			0				0	999	30	3	1					0	0	0	1365:100	2	1
7403	16	0				45001		2	80	1	1	79			181			0				0	999	30	3	1					0	0	0	1365:100	2	1
7404	16	0				45004		2	80	1	1	79			182			0				0	999	30	3	1					0	0	0	1365:100	2	1
7405	16	0				45005		2	80	1	1	79			183			0				0	999	30	3	1					0	0	0	1365:100	2	1
7406	16	0				45009		2	80	1	1	79			184			0				0	999	30	3	1					0	0	0	1365:100	2	1
7407	16	0				45010		2	80	1	1	79			185			0				0	999	30	3	1					0	0	0	1365:100	2	1
7408	16	0				45008		2	80	1	1	79			186			0				0	999	30	3	1					0	0	0	1365:100	2	1
7409	16	0				45011		2	80	1	1	79			187			0				0	999	30	3	1					0	0	0	1365:100	2	1
7410	16	0				45012		2	80	1	1	79			188			0				0	999	30	3	1					0	0	0	1365:100	2	1
7411	16	0				45007		2	80	1	1	79			218			0				0	999	30	3	1					0	0	0	1365:100	2	1
7500	25	0				45013		1	80	1	1	79			219			0				0	999	30	999	1					0	0	0	1365:100	2	1
7501	25	0				45014		1	80	1	1	79			220			0				0	999	30	999	1					0	0	0	1365:100	2	1
7502	25	0				45015		1	80	1	1	79			221			0				0	999	30	999	1					0	0	0	1365:100	2	1
7503	25	0				45016		1	80	1	1	79			222			0				0	999	30	999	1					0	0	0	1365:100	2	1
7504	25	0				45017		1	80	1	1	79			224			0				0	999	30	999	1					0	0	0	1365:100	2	1
7505	25	0				45018		1	80	1	1	79			225			0				0	999	30	999	1					0	0	0	1365:100	2	1
7506	25	0				45019		1	80	1	1	79			226			0				0	999	30	999	1					0	0	0	1365:100	2	1
7507	25	0				45020		1	80	1	1	79			227			0				0	999	30	999	1					0	0	0	1365:100	2	1
7601	26	0				46201		1	60	1	1	59			215			10	99			0	999	30	3						0	0	0	1707:100	2	1
7602	26	0				46202		1	60	1	1	59			213			10	99			0	999	30	3						0	0	0	1707:100	2	1
7603	26	0				46203		1	60	1	1	59			213			10	99			0	999	30	3						0	0	0	1707:100	2	1
7604	26	0				46201		1	75	1	1	74			215			10	99			0	999	30	3						0	0	0	1707:100	2	1
7605	26	0				46202		1	75	1	1	74			213			10	99			0	999	30	3						0	0	0	1707:100	2	1
7606	26	0				46203		1	75	1	1	74			213			10	99			0	999	30	3						0	0	0	1707:100	2	1
7607	26	0				46201		1	60	1	1	59			215			10	99			0	999	30	3						0	0	0	1707:100	2	1
7608	26	0				46202		1	60	1	1	59			213			10	99			0	999	30	3						0	0	0	1707:100	2	1
7609	26	0				46203		1	60	1	1	59			213			10	99			0	999	30	3						0	0	0	1707:100	2	1
7610	26	0				46201		1	75	1	1	74			215			10	99			0	999	30	3						0	0	0	1707:100	2	1
7611	26	0				46202		1	75	1	1	74			213			10	99			0	999	30	3						0	0	0	1707:100	2	1
7612	26	0				46203		1	75	1	1	74			213			10	99			0	999	30	3						0	0	0	1707:100	2	1
7613	26	0				46201		1	90	1	1	89			215			10	99			0	999	30	3						0	0	0	1707:100	2	1
7614	26	0				46202		1	90	1	1	89			213			10	99			0	999	30	3						0	0	0	1707:100	2	1
7615	26	0				46203		1	90	1	1	89			213			10	99			0	999	30	3						0	0	0	1707:100	2	1
7616	26	0				46201		1	90	1	1	89			215			10	99			0	999	30	3						0	0	0	1707:100	2	1
7617	26	0				46202		1	90	1	1	89			213			10	99			0	999	30	3						0	0	0	1707:100	2	1
7618	26	0				46203		1	90	1	1	89			213			10	99			0	999	30	3						0	0	0	1707:100	2	1
7701	28	0	1			35846		1	30	1	1	29			51			10	999			0	999	30	30						0	0	0	1724:100	1	1
7702	28	0	1			35847		2	30	1	1	29			51			10	999			0	999	30	30						0	0	0	1724:100	1	1
7703	28	0	1			35848		1	30	1	1	29			51			10	999			0	999	30	30						0	0	0		1	1
7704	28	0	1			35849		2	30	1	1	29			51			10	999			0	999	30	30						0	0	0		1	1
7705	28	0	1			35850		1	30	1	1	29			51			10	999			0	999	30	30						0	0	0		1	1
7706	28	0	1			35851		2	30	1	1	29			51			10	999			0	999	30	30						0	0	0		1	1
7707	28	0	1			35852		1	30	1	1	29			51			10	999			0	999	30	30						0	0	0	1713:100	1	1
7708	28	0	1			35853		2	30	1	1	29			51			10	999			0	999	30	30						0	0	0	1713:100	1	1
7801	29	0				46300		1	80	1	1	79			159			10	99			0	999	30	30						0	0	0		2	1
7802	29	0				46302		1	80	1	1	79			159			10	99			0	999	30	30						0	0	0		2	1
7803	29	0				46303		1	80	1	1	79			159			10	99			0	999	30	30						0	0	0		2	1
7804	29	0				46301		1	80	1	1	79			159			10	99			0	999	30	30						0	0	0		2	1
7805	29	0				46304		1	80	1	1	79			159			10	99			0	999	30	30						0	0	0		2	1
7806	29	0				46305		1	80	1	1	79			159			10	99			0	999	30	30						0	0	0		2	1
7807	29	0				46306		1	80	1	1	79			159			10	99			0	999	30	30						0	0	0		2	1
7900	30	0				35860		1	1	1	1	0			51			10	99			0	999	999	999						0	0	0	1720:100	4	1
7901	30	0				35861		1	1	1	1	0			51			10	99			0	999	999	999						0	0	0	1721:100	4	1
7902	30	0				35862		1	1	1	1	0			51			10	99			0	999	999	999						0	0	0	1722:100	4	1
7903	30	0				35863		1	1	1	1	0			51			10	99			0	999	999	999						0	0	0	1723:100	4	1
8001	32	0				51007		1	9	1	1	8			9			9999	999			0	0	0	0						0	0	0		4	1
8101	33	0				47101		1	50	1	1	49			213			10	99			0	999	999	999						0	0	0		4	1
8102	33	0				47101		1	50	1	1	49			213			10	99			0	999	999	999						0	0	0		4	1
8103	33	0				47101		1	50	1	1	49			213			10	99			0	999	999	999						0	0	0		4	1
8104	33	0				47101		1	50	1	1	49			213			10	99			0	999	999	999						0	0	0		4	1
8105	33	0				47101		1	50	1	1	49			213			10	99			0	999	999	999						0	0	0		4	1
8106	33	0				47102		1	50	1	1	49			213			10	99			0	999	999	999						0	0	0		4	1
8107	33	0				47102		1	50	1	1	49			213			10	99			0	999	999	999						0	0	0		4	1
8108	33	0				47102		1	50	1	1	49			213			10	99			0	999	999	999						0	0	0		4	1
8109	33	0				47102		1	50	1	1	49			213			10	99			0	999	999	999						0	0	0		4	1
8110	33	0				47102		1	50	1	1	49			213			10	99			0	999	999	999						0	0	0		4	1
8111	34	0				47103		1	50		1	49			259			10	99			0	999	999	999						0	0	0		4	1
8112	34	0				47103		1	50		1	49			260			10	99			0	999	999	999						0	0	0		4	1
8113	34	0				47103		1	50		1	49			261			10	99			0	999	999	999						0	0	0		4	1
8114	34	0				47103		1	50		1	49			262			10	99			0	999	999	999						0	0	0		4	1
8115	34	0				47103		1	50		1	49			263			10	99			0	999	999	999						0	0	0		4	1
8116	34	0				47103		1	50		1	49			264			10	99			0	999	999	999						0	0	0		4	1
8200	31	0	1			47021		2	26	1	1	25			173		5	999	10			0	60	60	60					1	0	0	0		1	1
8201	31	0	1			47022		2	26	1	1	25			173		5	999	10			0	60	60	60					1	0	0	0		1	1
8202	31	0	1			47023		2	26	1	1	25			173		5	999	10			0	60	60	60					1	0	0	0		1	1
8203	31	0	1			47024		2	26	1	1	25			173		5	999	10			0	60	60	60					1	0	0	0		1	1
8204	31	0	1			47025		2	26	1	1	25			173		5	999	10			0	60	60	60					1	0	0	0		1	1
