ID	角色ID	开启条件1类型	开启条件1参数列表	开启条件2类型	开启条件2参数列表	完成条件1类型	完成条件1参数列表
4201	10000003					10	
4202	10000003	1	2			10	
4203	10000003	1	3			10	
4204	10000003	1	4			10	
4205	10000003	1	5			10	
4206	10000003	1	6			10	
4207	10000003	1	4			10	
4208	10000003	1	6			10	
5201	10000006					10	
5202	10000006	1	2			10	
5203	10000006	1	3			10	
5204	10000006	1	4			10	
5205	10000006	1	5			10	
5206	10000006	1	6			10	
5207	10000006	1	4			10	
5208	10000006	1	6			10	
6201	10000014					10	
6202	10000014	1	2			10	
6203	10000014	1	3			10	
6204	10000014	1	4			10	
6205	10000014	1	5			10	
6206	10000014	1	6			10	
6207	10000014	1	4			10	
6208	10000014	1	6			10	
7201	10000015					10	
7202	10000015	1	2			10	
7203	10000015	1	3			10	
7204	10000015	1	4			10	
7205	10000015	1	5			10	
7206	10000015	1	6			10	
7207	10000015	1	4			10	
7208	10000015	1	6			10	
8201	10000016					10	
8202	10000016	1	2			10	
8203	10000016	1	3			10	
8204	10000016	1	4			10	
8205	10000016	1	5			10	
8206	10000016	1	6			10	
8207	10000016	1	4			10	
8208	10000016	1	6	6	46618	10	
9201	10000020					10	
9202	10000020	1	2			10	
9203	10000020	1	3			10	
9204	10000020	1	4			10	
9205	10000020	1	5			10	
9206	10000020	1	6			10	
9207	10000020	1	6			10	
9208	10000020	1	6			10	
10201	10000021					10	
10202	10000021	1	2			10	
10203	10000021	1	3			10	
10204	10000021	1	4			10	
10205	10000021	1	5			10	
10206	10000021	1	6			10	
10207	10000021	1	4			10	
10208	10000021	1	6			10	
11201	10000022					10	
11202	10000022	1	2			10	
11203	10000022	1	3			10	
11204	10000022	1	4	6	1011306	10	
11205	10000022	1	5	6	1011306	10	
11206	10000022	1	6	6	1011306	10	
11207	10000022	1	4	6	39604	10	
11208	10000022	1	6	6	39604	10	
12201	10000023					10	
12202	10000023	1	2			10	
12203	10000023	1	3			10	
12204	10000023	1	4			10	
12205	10000023	1	5			10	
12206	10000023	1	6			10	
12207	10000023	1	4			10	
12208	10000023	1	6			10	
13201	10000025					10	
13202	10000025	1	2			10	
13203	10000025	1	3			10	
13204	10000025	1	4	6	1200309	10	
13205	10000025	1	5	6	1200309	10	
13206	10000025	1	6	6	1200309	10	
13207	10000025	1	4			10	
13208	10000025	1	6	6	1200309	10	
14201	10000024					10	
14202	10000024	1	2			10	
14203	10000024	1	3			10	
14204	10000024	1	4			10	
14205	10000024	1	5			10	
14206	10000024	1	6			10	
14207	10000024	1	4			10	
14208	10000024	1	6			10	
15201	10000027					10	
15202	10000027	1	2			10	
15203	10000027	1	3			10	
15204	10000027	1	4			10	
15205	10000027	1	5			10	
15206	10000027	1	6			10	
15207	10000027	1	4			10	
15208	10000027	1	6			10	
16201	10000026					10	
16202	10000026	1	2			10	
16203	10000026	1	3			10	
16204	10000026	1	4			10	
16205	10000026	1	5			10	
16206	10000026	1	6			10	
16207	10000026	1	4			10	
16208	10000026	1	6			10	
18201	10000029					10	
18202	10000029	1	2			10	
18203	10000029	1	3			10	
18204	10000029	1	4			10	
18205	10000029	1	5	6	1020204	10	
18206	10000029	1	6	6	1020204	10	
18207	10000029	1	4			10	
18208	10000029	1	6			10	
19201	10000031					10	
19202	10000031	1	2			10	
19203	10000031	1	3			10	
19204	10000031	1	4			10	
19205	10000031	1	5			10	
19206	10000031	1	6			10	
19207	10000031	1	4			10	
19208	10000031	1	6			10	
20201	10000032					10	
20202	10000032	1	2			10	
20203	10000032	1	3			10	
20204	10000032	1	4			10	
20205	10000032	1	5			10	
20206	10000032	1	6			10	
20207	10000032	1	4			10	
20208	10000032	1	6			10	
21201	10000034					10	
21202	10000034	1	2			10	
21203	10000034	1	3			10	
21204	10000034	1	4	6	39604	10	
21205	10000034	1	5			10	
21206	10000034	1	6			10	
21207	10000034	1	4			10	
21208	10000034	1	6			10	
22201	10000036					10	
22202	10000036	1	2			10	
22203	10000036	1	3			10	
22204	10000036	1	4			10	
22205	10000036	1	5			10	
22206	10000036	1	6			10	
22207	10000036	1	4			10	
22208	10000036	1	6			10	
1200	10000005					10	
1201	10000005					10	
1202	10000005	6	39604			10	
1203	10000005	10				10	
1204	10000005	10				10	
1205	10000005	10				10	
1206	10000005	10				10	
1207	10000005	6	30904			10	
2200	10000007					10	
2201	10000007					10	
2202	10000007	6	39604			10	
2203	10000007	10				10	
2204	10000007	10				10	
2205	10000007	10				10	
2206	10000007	10				10	
2207	10000007	6	30904			10	
32201	10000042					10	
32202	10000042	1	2			10	
32203	10000042	1	3			10	
32204	10000042	1	4			10	
32205	10000042	1	5	6	102510	10	
32206	10000042	1	6	6	102510	10	
32207	10000042	1	4			10	
32208	10000042	1	6			10	
31201	10000043					10	
31202	10000043	1	2			10	
31203	10000043	1	3			10	
31204	10000043	1	4			10	
31205	10000043	1	5			10	
31206	10000043	1	6			10	
31207	10000043	1	6			10	
31208	10000043	1	6			10	
24201	10000035					10	
24202	10000035	1	2			10	
24203	10000035	1	3			10	
24204	10000035	1	4			10	
24205	10000035	1	5			10	
24206	10000035	1	6			10	
24207	10000035	1	4			10	
24208	10000035	1	6			10	
30201	10000041					10	
30202	10000041	1	2	6	1050211	10	
30203	10000041	1	3			10	
30204	10000041	1	4			10	
30205	10000041	1	5	6	1050211	10	
30206	10000041	1	6			10	
30207	10000041	1	4			10	
30208	10000041	1	6			10	
23201	10000033					10	
23202	10000033	1	2			10	
23203	10000033	1	3			10	
23204	10000033	1	4			10	
23205	10000033	1	5			10	
23206	10000033	1	6			10	
23207	10000033	1	4			10	
23208	10000033	1	6			10	
172001	10000030					10	
172002	10000030	1	2			10	
172003	10000030	1	3			10	
172004	10000030	1	4	6	102510	10	
172005	10000030	1	5	6	102510	10	
172006	10000030	1	6	6	102510	10	
172007	10000030	1	4	6	102510	10	
172008	10000030	1	6	6	102510	6	102510
33201	10000044					10	
33202	10000044	1	2			10	
33203	10000044	1	3			10	
33204	10000044	1	4			10	
33205	10000044	1	5			10	
33206	10000044	1	6			10	
33207	10000044	1	4			10	
33208	10000044	1	6			10	
34201	10000039					10	
34202	10000039	1	2			10	
34203	10000039	1	3			10	
34204	10000039	1	4			10	
34205	10000039	1	5			10	
34206	10000039	1	6			10	
34207	10000039	1	4			10	
34208	10000039	1	6			10	
35201	10000038					10	
35202	10000038	1	2			10	
35203	10000038	1	3			10	
35204	10000038	1	4			10	
35205	10000038	1	5			10	
35206	10000038	1	6			10	
35207	10000038	1	4			10	
35208	10000038	1	6			10	
25201	10000037					10	
25202	10000037	1	2			10	
25203	10000037	1	3			10	
25204	10000037	1	4			10	
25205	10000037	1	5			10	
25206	10000037	1	6			10	
25207	10000037	1	4			10	
25208	10000037	1	6			10	
36201	10000046					10	
36202	10000046	1	2			10	
36203	10000046	1	3			10	
36204	10000046	1	4			10	
36205	10000046	1	5			10	
36206	10000046	1	6			10	
36207	10000046	1	4			10	
36208	10000046	1	6			10	
37201	10000045					10	
37202	10000045	1	2			10	
37203	10000045	1	3			10	
37204	10000045	1	4			10	
37205	10000045	1	5			10	
37206	10000045	1	6			10	
37207	10000045	1	4			10	
37208	10000045	1	6			10	
38201	10000048					10	
38202	10000048	1	2			10	
38203	10000048	1	3			10	
38204	10000048	1	4			10	
38205	10000048	1	5			10	
38206	10000048	1	6			10	
38207	10000048	1	4			10	
38208	10000048	1	6			10	
39201	10000051					10	
39202	10000051	1	2			10	
39203	10000051	1	3			10	
39204	10000051	1	4			10	
39205	10000051	1	5			10	
39206	10000051	1	6			10	
39207	10000051	1	4			10	
39208	10000051	1	6			10	
40201	10000047					10	
40202	10000047	1	2			10	
40203	10000047	1	3			10	
40204	10000047	1	4			10	
40205	10000047	1	5	6	200212	10	
40206	10000047	1	6			10	
40207	10000047	1	4	11	2021	10	
40208	10000047	1	6			10	
3201	10000002					10	
3202	10000002	1	2			10	
3203	10000002	1	3			10	
3204	10000002	1	4			10	
3205	10000002	1	5			10	
3206	10000002	1	6			10	
3207	10000002	1	4			10	
3208	10000002	1	6			10	
49201	10000049					10	
49202	10000049	1	2			10	
49203	10000049	1	3			10	
49204	10000049	1	4			10	
49205	10000049	1	5			10	
49206	10000049	1	6			10	
49207	10000049	1	4			10	
49208	10000049	1	6			10	
53201	10000053					10	
53202	10000053	1	2			10	
53203	10000053	1	3			10	
53204	10000053	1	4			10	
53205	10000053	1	5			10	
53206	10000053	1	6			10	
53207	10000053	1	4			10	
53208	10000053	1	6			10	
52201	10000052					10	
52202	10000052	1	2	11	2021	10	
52203	10000052	1	3	11	2021	10	
52204	10000052	1	4	11	2021	10	
52205	10000052	1	5	11	2021	10	
52206	10000052	1	6	6	1201812	10	
52207	10000052	1	4	11	2021	10	
52208	10000052	1	6	11	2021	10	
54201	10000054					10	
54202	10000054	1	2			10	
54203	10000054	1	3			10	
54204	10000054	1	4			10	
54205	10000054	1	5			10	
54206	10000054	1	6			10	
54207	10000054	1	4	6	1202405	10	
54208	10000054	1	6			10	
56201	10000056					10	
56202	10000056	1	2			10	
56203	10000056	1	3			10	
56204	10000056	1	4			10	
56205	10000056	1	5			10	
56206	10000056	1	6			10	
56207	10000056	1	4			10	
56208	10000056	1	6			10	
62201	10000062					10	
62202	10000062	1	2			10	
62203	10000062	1	3			10	
62204	10000062	1	4			10	
62205	10000062	1	5			10	
62206	10000062	1	6			10	
50200	10000050	0		0		10	
50201	10000050	1	2	0		10	
50202	10000050	1	3	0		10	
50203	10000050	1	4	0		10	
50204	10000050	1	5	0		10	
50205	10000050	1	6	0		10	
50206	10000050	1	4	0		10	
50207	10000050	1	6	0		10	
57200	10000057	0		0		10	
57201	10000057	1	2	0		10	
57202	10000057	1	3	0		10	
57203	10000057	1	4	0		10	
57204	10000057	1	5	0		10	
57205	10000057	1	6	6	1202618	10	
57206	10000057	1	4	0		10	
57207	10000057	1	6	0		10	
55200	10000055	0		0		10	
55201	10000055	1	2	0		10	
55202	10000055	1	3	0		10	
55203	10000055	1	4	0		10	
55204	10000055	1	5	0		10	
55205	10000055	1	6	0		10	
55206	10000055	1	4	0		10	
55207	10000055	1	6	0		10	
63200	10000063	0		0		10	
63201	10000063	1	2	0		10	
63202	10000063	1	3	0		10	
63203	10000063	1	4	6	1101505	10	
63204	10000063	1	5	6	1101505	10	
63205	10000063	1	6	6	1101505	10	
63206	10000063	1	4	6	1101505	10	
63207	10000063	1	6	6	1101505	10	
64200	10000064	0		0		10	
64201	10000064	1	2	0		10	
64202	10000064	1	3	0		10	
64203	10000064	1	4	0		10	
64204	10000064	1	5	0		10	
64205	10000064	1	6	0		10	
64206	10000064	1	4	0		10	
64207	10000064	1	6	0		10	
58200	10000058	0		0		10	
58201	10000058	1	2	0		10	
58202	10000058	1	3	0		10	
58203	10000058	1	4	0		10	
58204	10000058	1	5	0		10	
58205	10000058	1	6	0		10	
58206	10000058	1	4	0		10	
58207	10000058	1	6	0		10	
66200	10000066	0		0		10	
66201	10000066	1	2	0		10	
66202	10000066	1	3	0		10	
66203	10000066	1	4	0		10	
66204	10000066	1	5	0		10	
66205	10000066	1	6	0		10	
66206	10000066	1	4	0		10	
66207	10000066	1	6	0		10	
60200	10000060	0		0		10	
60201	10000060	1	2	0		10	
60202	10000060	1	3	0		10	
60203	10000060	1	4	6	103106	10	
60204	10000060	1	5	6	103106	10	
60205	10000060	1	6	6	103106	10	
60206	10000060	1	4	6	103106	10	
60207	10000060	1	6	0		10	
65200	10000065	0		0		10	
65201	10000065	1	2	0		10	
65202	10000065	1	3	0		10	
65203	10000065	1	4	0		10	
65204	10000065	1	5	0		10	
65205	10000065	1	6	0		10	
65206	10000065	1	4	0		10	
65207	10000065	1	6	0		10	
59200	10000059	0		0		10	
59201	10000059	1	2	0		10	
59202	10000059	1	3	0		10	
59203	10000059	1	4	0		10	
59204	10000059	1	5	0		10	
59205	10000059	1	6	0		10	
59206	10000059	1	4	0		10	
59207	10000059	1	6	0		10	
69200	10000069	0		0		10	
69201	10000069	1	2	0		10	
69202	10000069	1	3	0		10	
69203	10000069	1	4	0		10	
69204	10000069	1	5	0		10	
69205	10000069	1	6	0		10	
69206	10000069	1	4	0		10	
69207	10000069	1	6	0		10	
67200	10000067	0		0		10	
67201	10000067	1	2	0		10	
67202	10000067	1	3	0		10	
67203	10000067	1	4	0		10	
67204	10000067	1	5	0		10	
67205	10000067	1	6	0		10	
67206	10000067	1	4	0		10	
67207	10000067	1	6	0		10	
68200	10000068	0		0		10	
68201	10000068	1	2	0		10	
68202	10000068	1	3	0		10	
68203	10000068	1	4	0		10	
68204	10000068	1	5	0		10	
68205	10000068	1	6	0		10	
68206	10000068	1	4	0		10	
68207	10000068	1	6	0		10	
70200	10000070	0		0		10	
70201	10000070	1	2	0		10	
70202	10000070	1	3	0		10	
70203	10000070	1	4	0		10	
70204	10000070	1	5	0		10	
70205	10000070	1	6	0		10	
70206	10000070	1	4	0		10	
70207	10000070	1	6	0		10	
71200	10000071	0		0		10	
71201	10000071	1	2	0		10	
71202	10000071	1	3	0		10	
71203	10000071	1	4	0		10	
71204	10000071	1	5	0		10	
71205	10000071	1	6	0		10	
71206	10000071	1	4	0		10	
71207	10000071	1	6	0		10	
72200	10000072	0		0		10	
72201	10000072	1	2	0		10	
72202	10000072	1	3	0		10	
72203	10000072	1	4	0		10	
72204	10000072	1	5	0		10	
72205	10000072	1	6	0		10	
72206	10000072	1	4	0		10	
72207	10000072	1	6	0		10	
73200	10000073	0		0		11	3026
73201	10000073	1	2	0		11	3026
73202	10000073	1	3	0		10	
73203	10000073	1	4	0		11	3026
73204	10000073	1	5	0		11	3026
73205	10000073	1	6	11	3026	10	
73206	10000073	1	4	0		11	3026
73207	10000073	1	6	11	3026	10	
74200	10000074	0		0		10	
74201	10000074	1	2	0		10	
74202	10000074	1	3	0		10	
74203	10000074	1	4	0		10	
74204	10000074	1	5	0		10	
74205	10000074	1	6	0		10	
74206	10000074	1	4	0		10	
74207	10000074	1	6	0		10	
