ID	类型	重量	排序权重	物件ID	可丢弃	使用等级	全局产出上限	数值用类型	GadgetID1	GadgetID2	GadgetID3	类型ID1	类型ID2	可配置表面	限制摆放数	特殊家具类型	室内场景ID	舒适度	堆叠上限	Cost	打折Cost	灯光合并	阶数	JSON名称	图文教程	浮空箭头类型ID	屏蔽乐高文本	存档类型
369101	6		2900		0			成品家具	77303005			9002	9001	12				100	9999	500	500		3					
369102	6		2900		0			成品家具	77303004			9002	9001	12				100	9999	500	500		3					
369103	6		2900		0			成品家具	77303001			9002		12				100	9999	500	500		3					
369104	6		2900		0			成品家具	77303003			9002		12				100	9999	500	500		3					
369105	6		2900		0			成品家具	77303009			9002	9001	12				100	9999	500	500		3					
369106	6		2900		0			成品家具	77303010			9002	9001	12				100	9999	500	500		3					
369107	6		2900		0			成品家具	77303011			9002	9001	12				100	9999	500	500		3					
369108	6		2900		0			成品家具	77303006			9002	9001	12				100	9999	500	500		3					
369109	6		2900		0			成品家具	77303007			9002	9001	12				100	9999	500	500		3					
369110	6		2900		0			成品家具	77303008			9002	9001	12				100	9999	500	500		3					
368101	6				0			成品家具	77015009			8001	8002	11		5		300	9999	1200	1200		1					
368102	6				0			成品家具	77015009			8001	8002	11		5		300	9999	1200	1200		1					
368103	6				0			成品家具	77015009			8001	8002	11		5		300	9999	1200	1200		1					
368104	6				0			成品家具	77015009			8001	8002	11		5		300	9999	1200	1200		1					
368105	6				0			成品家具	77015009			8001	8002	11		5		300	9999	1200	1200		1					
368106	6				0			成品家具	77015009			8001	8002	11		5		300	9999	1200	1200		1					
368107	6				0			成品家具	77015009			8001	8002	11		5		300	9999	1200	1200		1					
368108	6				0			成品家具	77015009			8001	8002	11		5		300	9999	1200	1200		1					
368109	6				0			成品家具	77015009			8001	8002	11		5		300	9999	1200	1200		1					
368110	6				0			成品家具	77015009			8001	8002	11		5		300	9999	1200	1200		1					
368111	6				0			成品家具	77015009			8001	8002	11		5		300	9999	1200	1200		1					
368112	6				0			成品家具	77015009			8001	8002	11		5		300	9999	1200	1200		1					
368113	6				0			成品家具	77015009			8001	8002	11		5		300	9999	1200	1200		1					
368114	6				0			成品家具	77015009			8001	8002	11		5		300	9999	1200	1200		1					
368115	6				0			成品家具	77015009			8001	8002	11		5		300	9999	1200	1200		1					
368116	6				0			成品家具	77015009			8001	8002	11		5		300	9999	1200	1200		1					
368117	6				0			成品家具	77015009			8001	8002	11		5		300	9999	1200	1200		1					
368118	6				0			成品家具	77015009			8001	8002	11		5		300	9999	1200	1200		1					
368119	6				0			成品家具	77015009			8001	8002	11		5		300	9999	1200	1200		1					
368120	6				0			成品家具	77015009			8001	8002	11		5		300	9999	1200	1200		1					
368121	6				0			成品家具	77015009			8001	8002	11		5		300	9999	1200	1200		1					
368122	6				0			成品家具	77015009			8001	8002	11		5		300	9999	1200	1200		1					
368123	6				0			成品家具	77015009			8001	8002	11		5		300	9999	1200	1200		1					
368124	6				0			成品家具	77015009			8001	8002	11		5		300	9999	1200	1200		1					
368125	6				0			成品家具	77015009			8001	8002	11		5		300	9999	1200	1200		1					
368126	6				0			成品家具	77015009			8001	8002	11		5		300	9999	1200	1200		1					
368127	6				0			成品家具	77015009			8001	8002	11		5		300	9999	1200	1200		1					
368128	6				0			成品家具	77015009			8001	8002	11		5		300	9999	1200	1200		1					
368129	6				0			成品家具	77015009			8001	8002	11		5		300	9999	1200	1200		1					
368130	6				0			成品家具	77015009			8001	8002	11		5		300	9999	1200	1200		1					
368131	6				0			成品家具	77015009			8001	8002	11		5		300	9999	1200	1200		1					
368132	6				0			成品家具	77015009			8001	8002	11		5		300	9999	1200	1200		1					
368133	6				0			成品家具	77015009			8001	8002	11		5		300	9999	1200	1200		1					
368135	6				0			成品家具	77015009			8001	8002	11		5		300	9999	1200	1200		1					
368136	6				0			成品家具	77015009			8001	8002	11		5		300	9999	1200	1200		1					
368137	6				0			成品家具	77015009			8001	8002	11		5		300	9999	1200	1200		1					
368138	6				0			成品家具	77015009			8001	8002	11		5		300	9999	1200	1200		1					
368139	6				0			成品家具	77015009			8001	8002	11		5		300	9999	1200	1200		1					
368140	6				0			成品家具	77015009			8001	8002	11		5		300	9999	1200	1200		1					
368141	6				0			成品家具	77015009			8001	8002	11		5		300	9999	1200	1200		1					
368142	6				0			成品家具	77015009			8001	8002	11		5		300	9999	1200	1200		1					
368143	6				0			成品家具	77015009			8001	8002	11		5		300	9999	1200	1200		1					
368144	6				0			成品家具	77015009			8001	8002	11		5		300	9999	1200	1200		1					
368145	6				0			成品家具	77015009			8001	8002	11		5		300	9999	1200	1200		1					
368146	6				0			成品家具	77015009			8001	8002	11		5		300	9999	1200	1200		1					
368147	6				0			成品家具	77015009			8001	8002	11		5		300	9999	1200	1200		1					
368148	6				0			成品家具	77015009			8001	8002	11		5		300	9999	1200	1200		1					
368149	6				0			成品家具	77015009			8001	8002	11		5		300	9999	1200	1200		1					
368150	6				0			成品家具	77015009			8001	8002	11		5		300	9999	1200	1200		1					
368151	6				0			成品家具	77015009			8001	8002	11		5		300	9999	1200	1200		1					
368152	6				0			成品家具	77015009			8001	8002	11		5		300	9999	1200	1200		1					
368153	6				0			成品家具	77015009			8001	8002	11		5		300	9999	1200	1200		1					
368154	6				0			成品家具	77015009			8001	8002	11		5		300	9999	1200	1200		1					
368155	6				0			成品家具	77015009			8001	8002	11		5		300	9999	1200	1200		1					
368156	6				0			成品家具	77015009			8001	8002	11		5		300	9999	1200	1200		1					
368157	6				0			成品家具	77015009			8001	8002	11		5		300	9999	1200	1200		1					
368158	6				0			成品家具	77015009			8001	8002	11		5		300	9999	1200	1200		1					
368159	6				0			成品家具	77015009			8001	8002	11		5		300	9999	1200	1200		1					
368160	6				0			成品家具	77015009			8001	8002	11		5		300	9999	1200	1200		1					
368161	6				0			成品家具	77015009			8001	8002	11		5		300	9999	1200	1200		1					
360101	6		200		0			成品家具				1001		7		1		30	9999	0	0		3					
360102	6		200		0			成品家具				1001		7		1		30	9999	0	0		3					
360201	6		300		0			成品家具				1002		6		1		30	9999	0	0		3					
360202	6		300		0			成品家具				1002		6		1		30	9999	0	0		3					
360301	6		400		0			成品家具				1003		2		1		30	9999	0	0		3					
360302	6		400		0			成品家具				1003		2		1		30	9999	0	0		3					
360401	6		500		0			成品家具	77108001			1004		5		1		60	9999	305	305		3					
360402	6		500		0			成品家具	77108007			1004		5		1		60	9999	220	220		3					
360403	6		500		0			成品家具	77108008			1004		5		1		60	9999	220	220		3					
360404	6		500		0			成品家具	77108002			1004		5		1		60	9999	305	305		3					
360405	6		500		0			成品家具	77108010			1004		5		1		90	9999	220	220		4					
364301	6		600		0			成品家具	77101053			1005		4		1		30	9999	0	0		3					
364302	6		600		0			成品家具	77101054			1005		4		1		30	9999	0	0		3					
364401	6		700		0			成品家具				1006		10		1		30	9999	0	0		3					
364402	6		700		0			成品家具				1006		10		1		30	9999	0	0		3					
372101	6		1600		0			成品家具	77002001			10001		9				20	9999	50	25		3					
372102	6		1600		0			成品家具	77002002			10001		9				20	9999	50	25		3					
372103	6		1600		0			成品家具	77002003			10001		9				20	9999	50	25		3					
372104	6		1600		0			成品家具	77002004			10001		9				20	9999	50	25		3					
372105	6		1600		0			成品家具	77002005			10001		9				20	9999	50	25		3					
372106	6		1600		0			成品家具	77002006			10001		9				20	9999	50	25		3					
361301	6		3200		0			成品家具	77103001			3003		0				60	9999	169	127		3					
361302	6		3200		0			成品家具	77103002			3003		0				60	9999	254	191		3					
361303	6		3200		0			成品家具	77103003			3003		0				60	9999	254	191		3					
361101	6		4100		0			成品家具	77103004			3005		0				60	9999	85	64		3					
361304	6		3200		0			成品家具	77103005			3003		0				90	9999	558	176		4					
361305	6		3200		0			成品家具	77103006			3003		0				60	9999	558	85		3					
361306	6		3200		0			成品家具	77103007			3003		0				60	9999	169	127		3					
361307	6		3200		0			成品家具	77103008			3003		0				30	9999	85	64		2					
361308	6		3200		0			成品家具	77103009			3003		0				60	9999	85	64		3					
361309	6		3200		0			成品家具	77103010			3003		0				60	9999	85	64		3					
361501	6		4100		0			成品家具	77103011			3005		0				60	9999	101	76		3					
361310	6		3200		0			成品家具	77103012			3003		0				60	9999	85	64		3					
362201	6		2400		0			成品家具	77104001			4002		0				60	9999	727	254		3					
363301	6		4800		0			成品家具	77104002			11002		3				60	9999	85	64		3					
364201	6		2400		0			成品家具	77104003			4002		0				30	9999	85	64		2					
362202	6		2400		0			成品家具	77104004			4002		0				90	9999	85	64		4					
362203	6		2400		0			成品家具	77104005			4002		0				90	9999	254	191		4					
362101	6		3100		0			成品家具	77105001			4001		0				90	9999	169	127		4					
362102	6		3100		0			成品家具	77105002			4001		0				60	9999	85	64		3					
362103	6		3100		0			成品家具	77105003			4001		0				60	9999	169	127		3					
362104	6		3100		0			成品家具	77105004			4001		0				30	9999	85	64		2					
362105	6		3100		0			成品家具	77105005			4001		0				60	9999	85	64		3					
362106	6		3100		0			成品家具	77105006			4001		0				60	9999	85	64		3					
364202	6		5000		0			成品家具	77108003			5005		1				60	9999	169	127	1	3					
363101	6		2500		0			成品家具	77108004			11003		3				60	9999	85	64	1	3					
363102	6		2500		0			成品家具	77108005			11003		3				60	9999	220	199	1	3					
363103	6		2500		0			成品家具	77108006			11003		3				60	9999	220	199	1	3					
361311	6		3200		0			成品家具	77110001			3003		0				60	9999	85	64		3					
361201	6		3900		0			成品家具	77110002			3002		0				90	9999	254	191		4					
361202	6		3900		0			成品家具	77110003			3002		0				90	9999	169	127		4					
361203	6		3900		0			成品家具	77110004			3002		0				90	9999	169	127		4					
361204	6		3900		0			成品家具	77110005			3002		0				90	9999	270	203		4					
361205	6		3900		0			成品家具	77110006			3002		0				90	9999	169	127		4					
361102	6		3300		0			成品家具	77110007			3001		0				60	9999	254	191		3					
361103	6		3300		0			成品家具	77110008			3001		0				60	9999	338	254		3					
361104	6		3300		0			成品家具	77110009			3001		0				60	9999	85	64		3					
361206	6		3900		0			成品家具	77110010			3002		0				60	9999	196	147		3					
361207	6		3900		0			成品家具	77110011			3002		0				60	9999	201	151		3					
361208	6		3900		0			成品家具	77110012			3002		0				60	9999	85	64		3					
362301	6		4500		0			成品家具	77111001			4004		8				60	9999	85	64		3					
362302	6		4500		0			成品家具	77111002			4004		8				60	9999	85	64		3					
362303	6		4500		0			成品家具	77111003			4004		8				60	9999	85	64		3					
362304	6		4500		0			成品家具	77111004			4004		8				60	9999	85	64		3					
364203	6		5000		0			成品家具	77112001			5005		1				30	9999	85	64		2					
364204	6		5000		0			成品家具	77112002			5005		1				30	9999	85	64		2					
364205	6		5000		0			成品家具	77112003			5005		1				30	9999	85	64		2					
364101	6		4900		0			成品家具	77112004			5003		1				90	9999	85	64		4					
364102	6		4900		0			成品家具	77112005			5003		1				90	9999	85	64		4					
364103	6		4900		0			成品家具	77112006			5003		1				90	9999	85	64		4					
364206	6		5000		0			成品家具	77112007			5005		1				60	9999	85	64		3					
364207	6		5000		0			成品家具	77112008			5005		1				60	9999	85	64		3					
364208	6		5000		0			成品家具	77112009			5005		1				90	9999	85	64		4					
364209	6		5000		0			成品家具	77112010			5005		1				30	9999	85	64		2					
364210	6		5000		0			成品家具	77112011			5005		1				30	9999	85	64		2					
364104	6		4900		0			成品家具	77112012			5003		1				90	9999	85	64		4					
364105	6		4900		0			成品家具	77112013			5003		1				90	9999	85	64		4					
364106	6		4900		0			成品家具	77112014			5003		1				90	9999	85	64		4					
363302	6		4800		0			成品家具	77115001			11002		3				60	9999	85	64		3					
363303	6		4800		0			成品家具	77115002			11002		3				60	9999	85	64		3					
363304	6		4800		0			成品家具	77115003			11002		3				60	9999	85	64		3					
363305	6		4800		0			成品家具	77115004			11002		3				60	9999	169	127		3					
363201	6		4700		0			成品家具	77115005			11001		3				60	9999	169	127		3					
363202	6		4700		0			成品家具	77115006			11001		3				60	9999	169	169		3					
363203	6		4700		0			成品家具	77115007			11001		3				60	9999	169	127		3					
363204	6		4700		0			成品家具	77115008			11001		3				60	9999	169	127		3					
363306	6		4800		0			成品家具	77115009			11002		3				60	9999	169	127		3					
363307	6		4800		0			成品家具	77115010			11002		3				60	9999	113	85		3					
363308	6		4800		0			成品家具	77115011			11002		3				60	9999	85	64		3					
363205	6		4700		0			成品家具	77115012			11001		3				60	9999	338	338		3					
363309	6		4800		0			成品家具	77115013			11002		3				60	9999	85	85		3					
361401	6		4200		0			成品家具	77109001			3006		0				60	9999	85	64		3					
361402	6		4200		0			成品家具	77109002			3006		0				60	9999	85	64		3					
361105	6		3300		0			成品家具	77110013			3001		0				60	9999	85	64		3					
362204	6		2400		0			成品家具	77110014			4002		0				60	9999	85	64		3					
362205	6		2400		0			成品家具	77110015			4002		0				60	9999	85	64		3					
361106	6		3300		0			成品家具	77110016			3001		0				60	9999	85	64		3					
364211	6		5000		0			成品家具	77112015			5005		1				90	9999	85	64		4					
362206	6		2400		0			成品家具	77104006			4002		0				90	9999	85	64		4					
362207	6		2400		0			成品家具	77104007			4002		0				90	9999	85	64		4					
363104	6		2500		0			成品家具	77108009			11003		3				60	9999	85	64	1	3					
370301	6		1300		0			成品家具	77200001			6005		0				60	9999	60	43		3					
370302	6		1300		0			成品家具	77200002			6005		0				60	9999	145	106		3					
370303	6		1300		0			成品家具	77200003			6005		0				60	9999	175	129		3					
370304	6		1300		0			成品家具	77200004			6005		0				90	9999	190	141		4					
370305	6		1300		0			成品家具	77200005			6005		0				60	9999	80	60		3					
370201	6		1100		0			成品家具	77200006			13002		0				60	9999	205	103		3					
370202	6		1100		0			成品家具	77200007			13002		0				60	9999	255	126		3					
370203	6		1100		0			成品家具	77200008			13002		0				60	9999	245	121		3					
370204	6		1100		0			成品家具	77200009			13002		0				60	9999	200	100		3					
371101	6		900		0			成品家具	77200010			6003		0				90	9999	160	160		4					
370205	6		1100		0			成品家具	77200011			13002		0				60	9999	300	149		3					
370206	6		1100		0			成品家具	77200012			13002		0				60	9999	195	98		3					
370207	6		1100		0			成品家具	77200013			13002		0				60	9999	160	118		3					
370306	6		1300		0			成品家具	77200014			6005		0				60	9999	85	62		3					
370501	6		1400		0			成品家具	77200015			6006		0				60	9999	125	110		3					
370307	6		1300		0			成品家具	77200016			6005		0				60	9999	110	93		3					
370101	6		1000		0			成品家具	77200017			13001		0				30	9999	125	62		2					
370102	6		1000		0			成品家具	77200018			13001		0				30	9999	110	80		2					
370502	6		1400		0			成品家具	77200019			6006		0				30	9999	35	24		2					
370103	6		1000		0			成品家具	77200020			13001		0				60	9999	210	104		3					
370104	6		1000		0			成品家具	77200021			13001		0				60	9999	205	101		3					
370105	6		1000		0			成品家具	77200022			13001		0				60	9999	185	91		3					
370106	6		1000		0			成品家具	77200023			13001		0				60	9999	85	53		3					
370107	6		1000		0			成品家具	77200024			13001		0				60	9999	85	53		3					
370108	6		1000		0			成品家具	77200025			13001		0				60	9999	85	41		3					
370208	6		1000		0			成品家具	77200026			13001		0				60	9999	85	53		3					
371201	6		800		0			成品家具	77200027			6002		0				90	9999	95	71		4					
370401	6		1200		0			成品家具	77200028			13003		0				60	9999	155	113		3					
371102	6		900		0			成品家具	77200029			6003		0				60	9999	85	63		3					
370402	6		1200		0			成品家具	77200030			13003		0				90	9999	290	144		4					
371103	6		900		0			成品家具	77200031			6003		0				30	9999	95	71		2					
374301	6		1200		0			成品家具	77200032			13003		0				60	9999	95	71		3					
370503	6		1400		0			成品家具	77200033			6006		0				60	9999	110	93		3					
370504	6		1400		0			成品家具	77200034			6006		0				60	9999	65	47		3					
375101	6		100		0			成品家具	77200035			12001		13		6	2201	750	9999	945	945		5					
374302	6		3200		0			成品家具	77203001			7002		0				30	9999	35	24		2					
374303	6		3200		0			成品家具	77203002			7002		0				60	9999	35	24		3					
374304	6		3200		0			成品家具	77203003			7002		0				30	9999	35	24		2					
370308	6		1300		0			成品家具	77203004			6005		0				60	9999	145	121		3					
374305	6		3200		0			成品家具	77203005			7002		0				60	9999	35	24		3					
374306	6		3200		0			成品家具	77203006			7002		0				90	9999	35	24		4					
373301	6		2400		0			成品家具	77204001			7005		0				30	9999	65	47		2					
373302	6		2400		0			成品家具	77204002			7005		0				30	9999	35	24		2					
373303	6		2400		0			成品家具	77204003			7005		0				60	9999	35	24		3					
373101	6		2200		0			成品家具	77204004			7001		0				30	9999	40	28		2					
373102	6		2200		0			成品家具	77204005			7001		0				30	9999	35	24		2					
373304	6		2400		0			成品家具	77204006			7005		0				30	9999	65	47		2					
373103	6		2200		0			成品家具	77204007			7001		0				30	9999	35	24		2					
373305	6		2400		0			成品家具	77204008			7005		0				60	9999	190	141		3					
373104	6		2200		0			成品家具	77204009			7001		0				60	9999	65	47		3					
373201	6		2300		0			成品家具	77204010			7003		0				60	9999	125	125		3					
373105	6		2200		0			成品家具	77204011			7001		0				60	9999	85	61		3					
373106	6		2200		0			成品家具	77204012			7001		0				60	9999	110	93		3					
370309	6		1300		0			成品家具	77204013			6005		0				60	9999	60	43		3					
374401	6		3300		0			成品家具	77204014			7004		0				60	9999	65	47		3					
374402	6		3300		0			成品家具	77204015			7004		0				60	9999	95	71		3					
374307	6		3200		0			成品家具	77204016			7002		0				60	9999	60	43		3					
373306	6		2400		0			成品家具	77204017			7005		0				60	9999	35	24		3					
373107	6		2200		0			成品家具	77204018			7001		0				30	9999	35	24		2					
373307	6		2400		0			成品家具	77204019			7005		0				30	9999	95	71		2					
373308	6		2400		0			成品家具	77204020			7005		0				60	9999	190	141		3					
373309	6		2400		0			成品家具	77204021			7005		0				90	9999	50	37		4					
373310	6		2400		0			成品家具	77204022			7005		0				90	9999	50	37		4					
373108	6		2200		0			成品家具	77204023			7001		0				60	9999	35	24		3					
373109	6		2200		0			成品家具	77204024			7001		0				60	9999	35	24		3					
373110	6		2200		0			成品家具	77204025			7001		0				30	9999	35	24		2					
374101	6		3000		0			成品家具	77204026			7006		0				30	9999	35	24		2					
374102	6		3000		0			成品家具	77204027			7006		0				30	9999	35	24		2					
374103	6		3000		0			成品家具	77204028			7006		0				30	9999	65	47		2					
374104	6		3000		0			成品家具	77204029			7006		0				30	9999	65	47		2					
373111	6		2200		0			成品家具	77204030			7001		0				60	9999	65	47		3					
373112	6		2200		0			成品家具	77204031			7001		0				60	9999	35	24		3					
373113	6		2200		0			成品家具	77204032			7001		0				30	9999	65	47		2					
374201	6		3100		0			成品家具	77205001			7007		0				30	9999	35	24		2					
374202	6		3100		0			成品家具	77205002			7007		0				30	9999	35	24		2					
374308	6		3200		0			成品家具	77206001			7002		0				60	9999	95	71		3					
374309	6		3200		0			成品家具	77206002			7002		0				60	9999	95	71		3					
373202	6		2300		0			成品家具	77207001			7003		0				60	9999	65	47		3					
374105	6		3000		0			成品家具	77207002			7006		0				60	9999	65	65		3					
373401	6		2500		0			成品家具	77208001			7008		0				60	9999	115	97	1	3					
373402	6		2500		0			成品家具	77208002			7008		0				30	9999	85	74	1	2					
373403	6		2500		0			成品家具	77208003			7008		0				60	9999	135	124	1	3					
373404	6		2500		0			成品家具	77208004			7008		0				60	9999	85	74	1	3					
373405	6		2500		0			成品家具	77208005			7008		0				60	9999	115	97	1	3					
372401	6		3300		0			成品家具	77210001			7004	3001	0				20	9999	70	70		3					
372402	6		1900		0			成品家具	77213001			10004		0				20	9999	50	50		3					
372403	6		1900		0			成品家具	77213002			10004		0				20	9999	50	50		3					
372404	6		1900		0			成品家具	77213003			10004		0				20	9999	50	50		3					
372405	6		1900		0			成品家具	77213004			10004		0				20	9999	50	50		3					
372406	6		1900		0			成品家具	77213005			10004		0				20	9999	50	50		3					
372407	6		1900		0			成品家具	77213006			10004		0				20	9999	50	50		3					
372408	6		1900		0			成品家具	77213007			10004		0				20	9999	50	50		3					
372409	6		1900		0			成品家具	77213008			10004		0				20	9999	50	50		3					
372301	6		1800		0			成品家具	77213009			10003		0				20	9999	150	150		3					
372302	6		1800		0			成品家具	77213010			10003		0				20	9999	50	50		3					
372303	6		1800		0			成品家具	77213011			10003		0				20	9999	50	50		3					
372304	6		1800		0			成品家具	77213012			10003		0				20	9999	350	350		3					
372305	6		1800		0			成品家具	77213013			10003		0				20	9999	50	50		3					
372306	6		1800		0			成品家具	77213014			10003		0				20	9999	100	100		3					
372201	6		1700		0			成品家具	77214001			10002		0				20	9999	35	24		3					
372202	6		1700		0			成品家具	77214002			10002		0				20	9999	35	24		3					
372203	6		1700		0			成品家具	77214003			10002		0				20	9999	35	21		3					
373114	6		2200		0			成品家具	77215001			7001		0				60	9999	35	24		3					
371202	6		800		0			成品家具	77200036			6002		0				90	9999	45	33		4					
371203	6		800		0			成品家具	77200037			6002		0				90	9999	35	24		4					
371204	6		800		0			成品家具	77200038			6002		0				90	9999	35	24		4					
377101	6				0				77015008					14		7		0	0	0	0		1					
362208	6		2400		0			成品家具	77104009			4002		0				90	9999	85	64		4					
3750102	6		100		0			成品家具	77200040			12001		13		6	2202	750	9999	1440	1440		5					
370109	6		1000		0			成品家具	77200041			13001		0				90	9999	185	79		4					
370110	6		1000		0			成品家具	77200042			13001		0				90	9999	185	136		4					
371205	6		800		0			成品家具	77200043			6002		0				90	9999	160	118		4					
371206	6		800		0			成品家具	77200044			6002		0				90	9999	95	71		4					
371207	6		800		0			成品家具	77200045			6002		0				90	9999	95	71		4					
371208	6		800		0			成品家具	77200046			6002		0				90	9999	95	61		4					
371209	6		800		0			成品家具	77200047			6002		0				90	9999	95	61		4					
371210	6		800		0			成品家具	77200048			6002		0				90	9999	180	117		4					
371211	6		800		0			成品家具	77200049			6002		0				90	9999	95	71		4					
372307	6		1800		0			成品家具	77213015			10003		0				20	9999	200	200		3					
372308	6		1800		0			成品家具	77213016			10003		0				20	9999	100	100		3					
372309	6		1800		0			成品家具	77213017			10003		0				20	9999	250	250		3					
372310	6		1800		0			成品家具	77213018			10003		0				20	9999	250	250		3					
372311	6		1800		0			成品家具	77213019			10003		0				20	9999	200	200		3					
372312	6		1800		0			成品家具	77213020			10003		0				20	9999	100	100		3					
372313	6		1800		0			成品家具	77213021			10003		0				20	9999	100	100		3					
372314	6		1800		0			成品家具	77213022			10003		0				20	9999	100	100		3					
372315	6		1800		0			成品家具	77213023			10003		0				20	9999	100	100		3					
372316	6		1800		0			成品家具	77213024			10003		0				20	9999	100	100		3					
372317	6		1800		0			成品家具	77213025			10003		0				20	9999	50	50		3					
372318	6		1800		0			成品家具	77213026			10003		0				20	9999	100	100		3					
372319	6		1800		0			成品家具	77213027			10003		0				20	9999	50	50		3					
372410	6		1900		0			成品家具	77213028			10004		0				10	9999	50	50		2					
372411	6		1900		0			成品家具	77213029			10004		0				10	9999	50	50		2					
372412	6		1900		0			成品家具	77213030			10004		0				10	9999	50	50		2					
372413	6		1900		0			成品家具	77213031			10004		0				20	9999	50	50		3					
372414	6		1900		0			成品家具	77213032			10004		0				20	9999	50	50		3					
372415	6		1900		0			成品家具	77213033			10004		0				20	9999	50	50		3					
372416	6		1900		0			成品家具	77213034			10004		0				20	9999	50	50		3					
372417	6		1900		0			成品家具	77213035			10004		0				20	9999	50	50		3					
372418	6		1900		0			成品家具	77213036			10004		0				20	9999	50	50		3					
372419	6		1900		0			成品家具	77213037			10004		0				10	9999	50	50		2					
372420	6		1900		0			成品家具	77213038			10004		0				10	9999	50	50		2					
372421	6		1900		0			成品家具	77213039			10004		0				10	9999	50	50		2					
372422	6		1900		0			成品家具	77213040			10004		0				10	9999	50	50		2					
372423	6		1900		0			成品家具	77213041			10004		0				10	9999	50	50		2					
372424	6		1900		0			成品家具	77213042			10004		0				10	9999	50	50		2					
372425	6		1900		0			成品家具	77213043			10004		0				10	9999	50	50		2					
372426	6		1900		0			成品家具	77213044			10004		0				10	9999	50	50		2					
372427	6		1900		0			成品家具	77213045			10004		0				10	9999	50	50		2					
372428	6		1900		0			成品家具	77213046			10004		0				10	9999	50	50		2					
372429	6		1900		0			成品家具	77213047			10004		0				10	9999	50	50		2					
372430	6		1900		0			成品家具	77213048			10004		0				20	9999	50	50		3					
372431	6		1900		0			成品家具	77213049			10004		0				20	9999	50	50		3					
372432	6		1900		0			成品家具	77213050			10004		0				20	9999	50	50		3					
372204	6		1700		0			成品家具	77214004			10002		0				20	9999	35	24		3					
372205	6		1700		0			成品家具	77214005			10002		0				20	9999	35	24		3					
372206	6		1700		0			成品家具	77214006			10002		0				20	9999	35	24		3					
372207	6		1700		0			成品家具	77214007			10002		0				20	9999	35	24		3					
372208	6		1700		0			成品家具	77214008			10002		0				20	9999	35	24		3					
372209	6		1700		0			成品家具	77214009			10002		0				20	9999	35	24		3					
372210	6		1700		0			成品家具	77214010			10002		0				20	9999	35	24		3					
372211	6		1700		0			成品家具	77214011			10002		0				20	9999	35	24		3					
372212	6		1700		0			成品家具	77214012			10002		0				20	9999	35	24		3					
372213	6		1700		0			成品家具	77214013			10002		0				20	9999	35	24		3					
372214	6		1700		0			成品家具	77214014			10002		0				20	9999	35	24		3					
372215	6		1700		0			成品家具	77214015			10002		0				20	9999	35	24		3					
372216	6		1700		0			成品家具	77214016			10002		0				20	9999	35	24		3					
372217	6		1700		0			成品家具	77214017			10002		0				20	9999	35	24		3					
372218	6		1700		0			成品家具	77214018			10002		0				20	9999	35	24		3					
372219	6		1700		0			成品家具	77214019			10002		0				20	9999	35	24		3					
372220	6		1700		0			成品家具	77214020			10002		0				30	9999	35	24		4					
372221	6		1700		0			成品家具	77214021			10002		0				30	9999	35	24		4					
371104	6		900		0			成品家具	77200039			6003		0				90	9999	185	185		4					
360406	6		2500		0			成品家具	77108011			11003		0				90	9999	305	262	1	4					
362209	6		2400		0			成品家具	77104008			4002		0				90	9999	175	131		4					
373115	6		2200		0			成品家具	77204033			7001		0				30	9999	35	24		2					
373203	6		2300		0			成品家具	77204034			7003		0				30	9999	35	24		2					
374106	6		3000		0			成品家具	77213051			7006		0				60	9999	95	95		3					
374107	6		3000		0			成品家具	77215002			7006		0				30	9999	35	24		2					
374108	6		3000		0			成品家具	77215003			7006		0				30	9999	35	24		2					
373116	6		2200		0			成品家具	77215004			7001		0				30	9999	35	24		2					
371107	6		900		0			成品家具	77215005			6003		0				30	9999	145	121		2					
373117	6		2200		0			成品家具	77215006			7001		0				30	9999	35	24		2					
373118	6		2200		0			成品家具	77215007			7001		0				60	9999	35	24		3					
373311	6		2400		0			成品家具	77215008			7005		0				60	9999	60	43		3					
373312	6		2400		0			成品家具	77215009			7005		0				60	9999	35	24		3					
373119	6		2200		0			成品家具	77215010			7001		0				60	9999	65	47		3					
363310	6		4800		0			成品家具	77215011			11002		3				60	9999	35	35		3					
374310	6		3200		0			成品家具	77203007			7002		0				90	9999	85	64		4					
374311	6		3200		0			成品家具	77203008			7002		0				90	9999	35	24		4					
374403	6		3300		0			成品家具	77204035			7004		0				90	9999	130	95		4					
373120	6		2200		0			成品家具	77204036			7001		0				90	9999	35	24		4					
374404	6		3300		0			成品家具	77204037			7004		0				90	9999	35	24		4					
373313	6		2400		0			成品家具	77204038			7005		0				90	9999	35	24		4					
373121	6		2200		0			成品家具	77204039			7001		0				60	9999	65	47		3					
373122	6		2200		0			成品家具	77204040			7001		0				60	9999	35	24		3					
373123	6		2200		0			成品家具	77204041			7001		0				60	9999	35	24		3					
373124	6		2200		0			成品家具	77204042			7001		0				60	9999	35	24		3					
374203	6		3100		0			成品家具	77205003			7007		0				90	9999	35	24		4					
371109	6		900		0			成品家具	77215012			6003		0				90	9999	400	400		4					
372501	6		2000		0			成品家具	77215014			10005		0	2	2		90	9999	500	500		4					
372502	6		2000		0			成品家具	77215016			10005		0	2	2		90	9999	500	500		4					
372503	6		2000		0			成品家具	77215018			10005		0	2	2		90	9999	500	500		4					
363311	6		4800		0			成品家具	77115014			11002		3				90	9999	85	64		4					
374312	6		3200		0			成品家具	77203009			3003		0				60	9999	35	35		3					
363312	6		4800		0			成品家具	77204043			11002		3				60	9999	85	64		3					
374204	6		3100		0			成品家具	77205004			4001		0				60	9999	35	35		3					
372320	6		1800		0			成品家具	77213052			10003		0				30	9999	550	550		4					
372222	6		1700		0			成品家具	77214022			10002		0				20	9999	35	21		3					
372223	6		1700		0			成品家具	77214023			10002		0				20	9999	35	24		3					
373125	6		2200		0			成品家具	77215023			7001		0				90	9999	125	94		4					
373204	6		2300		0			成品家具	77215024			7003		0				60	9999	95	95		3					
373406	6		2500		0			成品家具	77215025			7008		0				60	9999	115	97	1	3					
373501	6		3400		0			成品家具	77215022			7009		0	10	3		90	9999	120	120		4					
368134	6				0			成品家具	77015009			8003	8004	11		8		300	9999	1500	1500		1					
373601	6		3500		0			成品家具	77215026			7010		0		4		200	9999	1800	1800		4					
379001	6		2700		0			成品家具				14001		12		9		0	9999	0	0		4					
379002	6		2700		0			成品家具				14001		12		9		0	9999	0	0		4					
379003	6		2700		0			成品家具				14001		12		9		0	9999	0	0		4					
379004	6		2700		0			成品家具				14001		12		9		0	9999	0	0		4					
379005	6		2700		0			成品家具				14001		12		9		0	9999	0	0		4					
379006	6		2700		0			成品家具				14001		12		9		0	9999	0	0		4					
379007	6		2700		0			成品家具				14001		12		9		0	9999	0	0		4					
379008	6		2700		0			成品家具				14001		12		9		0	9999	0	0		4					
379009	6		2700		0			成品家具				14001		12		9		0	9999	0	0		4					
379010	6		2700		0			成品家具				14001		12		9		0	9999	0	0		4					
379011	6		2700		0			成品家具				14001		12		9		0	9999	0	0		4					
379012	6		2700		0			成品家具				14001		12		9		0	9999	0	0		4					
379013	6		2700		0			成品家具				14001		12		9		0	9999	0	0		4					
379014	6		2700		0			成品家具				14001		12		9		0	9999	0	0		4					
379015	6		2700		0			成品家具				14001		12		9		0	9999	0	0		4					
379016	6		2700		0			成品家具				14001		12		9		0	9999	0	0		4					
379017	6		2700		0			成品家具				14001		12		9		0	9999	0	0		4					
379018	6		2700		0			成品家具				14001		12		9		0	9999	0	0		4					
379019	6		2700		0			成品家具				14001		12		9		0	9999	0	0		4					
379020	6		2700		0			成品家具				14001		12		9		0	9999	0	0		4					
379021	6		2700		0			成品家具				14001		12		9		0	9999	0	0		4					
379022	6		2700		0			成品家具				14001		12		9		0	9999	0	0		4					
379023	6		2700		0			成品家具				14001		12		9		0	9999	0	0		4					
379024	6		2700		0			成品家具				14001		12		9		0	9999	0	0		4					
379025	6		2700		0			成品家具				14001		12		9		0	9999	0	0		4					
379026	6		2700		0			成品家具				14001		12		9		0	9999	0	0		4					
379027	6		2700		0			成品家具				14001		12		9		0	9999	0	0		4					
379028	6		2700		0			成品家具				14001		12		9		0	9999	0	0		4					
379029	6		2700		0			成品家具				14001		12		9		0	9999	0	0		4					
372601	6		2100		0			成品家具	77002007			10006		9				20	9999	50	25		3					
372602	6		2100		0			成品家具	77002008			10006		9				20	9999	50	25		3					
372603	6		2100		0			成品家具	77002009			10006		9				20	9999	50	25		3					
372604	6		2100		0			成品家具	77002010			10006		9				20	9999	50	25		3					
373314	6		2400		0			成品家具	77204046			7005		0				90	9999	400	400		4					
373701	6		2600		0			成品家具	77215027			7011		0		10		30	9999	125	125		4					
373702	6		2600		0			成品家具	77215028			7011		0		10		30	9999	125	125		4					
373703	6		2600		0			成品家具	77215029			7011		0		10		30	9999	125	125		4					
373801	6		2801		0			成品家具	77306001			14002		0		11		0	20	0	0		3					
373802	6		2801		0			成品家具	77306002			14002		0		11		0	20	0	0		3					
373803	6		2801		0			成品家具	77306003			14002		0		11		0	20	0	0		3					
373804	6		2802		0			成品家具	77306004			14002		0		11		0	20	0	0		3					
373805	6		2802		0			成品家具	77306005			14002		0		11		0	20	0	0		3					
373806	6		2802		0			成品家具	77306006			14002		0		11		0	20	0	0		3					
373807	6		2803		0			成品家具	77306007			14002		0		11		0	20	0	0		3					
373808	6		2803		0			成品家具	77306008			14002		0		11		0	20	0	0		3					
373809	6		2803		0			成品家具	77306009			14002		0		11		0	20	0	0		3					
373810	6		2804		0			成品家具	77306010			14002		0		11		0	9999	0	0		3					
373811	6		2804		0			成品家具	77306011			14002		0		11		0	9999	0	0		3					
373812	6		2804		0			成品家具	77306012			14002		0		11		0	9999	0	0		3					
373813	6		2805		0			成品家具	77306013			14002		0		11		0	9999	0	0		3					
373814	6		2805		0			成品家具	77306014			14002		0		11		0	9999	0	0		3					
373815	6		2805		0			成品家具	77306015			14002		0		11		0	9999	0	0		3					
373816	6		2806		0			成品家具	77306016			14002		0		11		0	9999	0	0		3					
373817	6		2806		0			成品家具	77306017			14002		0		11		0	9999	0	0		3					
373818	6		2806		0			成品家具	77306018			14002		0		11		0	9999	0	0		3					
373819	6		2807		0			成品家具	77306019			14002		0		11		0	9999	0	0		3					
373820	6		2807		0			成品家具	77306020			14002		0		11		0	9999	0	0		3					
373821	6		2807		0			成品家具	77306021			14002		0		11		0	9999	0	0		3					
370601	6		1500		0			成品家具	77200050			13004		0				60	9999	50	36		3					
370602	6		1500		0			成品家具	77200051			13004		0				90	9999	160	118		4					
370310	6		1300		0			成品家具	77200052			6005		0				60	9999	155	117		3					
371110	6		900		0			成品家具	77200053			6003		0				90	9999	95	71		4					
373126	6		2200		0			成品家具	77204044			7001		0				60	9999	40	28		3					
373127	6		2200		0			成品家具	77204045			7001		0				90	9999	35	24		4					
373407	6		2500		0			成品家具	77208006			7008		0				60	9999	85	74	1	3					
373408	6		2500		0			成品家具	77208007			7008		0				60	9999	115	97	1	3					
373409	6		2500		0			成品家具	77208008			7008		0				60	9999	115	97	1	3					
373205	6		2300		0			成品家具	77213053			7003		0				10	9999	70	70		2					
374501	6		3600		0			成品家具	77216001			7012		15				60	9999	35	24		3					
374502	6		3600		0			成品家具	77216002			7012		15				60	9999	35	24		3					
374503	6		3600		0			成品家具	77216003			7012		15				60	9999	35	24		3					
376101	6		3700		0			成品家具	77015008			7013		0	1	13		90	1	1200	1200		4	HomeworldGroup_0001	11001			1
376102	6				0			成品家具	77307001					0	1	12		0	0	0	0		4					
376103	6				0			成品家具	77307002					0	1	12		0	0	0	0		4					
360103	6		200		0			成品家具				1001		7		1		30	9999	0	0		3					
360303	6		400		0			成品家具				1003		2		1		30	9999	0	0		3					
360203	6		300		0			成品家具				1002		6		1		30	9999	0	0		3					
364403	6		700		0			成品家具				1006		10		1		30	9999	0	0		3					
375103	6		100		0			成品家具	77200098			12001		13		6	2203	750	9999	580	580		5					
364303	6		600		0			成品家具				1005		4		1		30	9999	0	0		3					
371212	6		800		0			成品家具	77200109			6002		0				90	9999	160	118		4					
371213	6		800		0			成品家具	77200054			6002		0				60	9999	35	24		3					
371214	6		800		0			成品家具	77200055			6002		0				60	9999	65	47		3					
371215	6		800		0			成品家具	77200056			6002		0				60	9999	65	47		3					
370603	6		1500		0			成品家具	77200057			13004		0				90	9999	410	204		4					
370604	6		1500		0			成品家具	77200058			13004		0				60	9999	610	404		3					
370605	6		1500		0			成品家具	77200059			13004		0				60	9999	760	504		3					
370606	6		1500		0			成品家具	77200060			13004		0				60	9999	610	354		3					
370607	6		1500		0			成品家具	77200061			13004		0				60	9999	1235	716		3					
370608	6		1500		0			成品家具	77200062			13004		0				60	9999	285	141		3					
370609	6		1500		0			成品家具	77200063			13004		0				60	9999	95	47		3					
370610	6		1500		0			成品家具	77200064			13004		0				60	9999	220	110		3					
370611	6		1500		0			成品家具	77200065			13004		0				60	9999	90	44		3					
370612	6		1500		0			成品家具	77200066			13004		0				60	9999	325	162		3					
370613	6		1500		0			成品家具	77200067			13004		0				60	9999	95	61		3					
370614	6		1500		0			成品家具	77200068			13004		0				60	9999	145	71		3					
370615	6		1500		0			成品家具	77200069			13004		0				90	9999	230	114		4					
370616	6		1500		0			成品家具	77200070			13004		0				90	9999	405	201		4					
370617	6		1500		0			成品家具	77200071			13004		0				90	9999	220	165		4					
370505	6		1400		0			成品家具	77200072			6006		0				60	9999	145	108		3					
370507	6		1400		0			成品家具	77200074			6006		0				30	9999	35	24		2					
371216	6		800		0			成品家具	77200075			6002		0				30	9999	55	39		2					
371217	6		800		0			成品家具	77200076			6002		0				30	9999	35	24		2					
370618	6		1500		0			成品家具	77200077			13004		0				60	9999	120	89		3					
370619	6		1500		0			成品家具	77200078			13004		0				90	9999	255	126		4					
370620	6		1500		0			成品家具	77200079			13004		0				60	9999	110	54		3					
370621	6		1500		0			成品家具	77200080			6002		0				60	9999	105	78		3					
371218	6		800		0			成品家具	77200081			6002		0				60	9999	35	24		3					
371219	6		800		0			成品家具	77200082			6002		0				60	9999	35	24		3					
371220	6		800		0			成品家具	77200083			6002		0				60	9999	35	24		3					
371112	6		900		0			成品家具	77200085			6003		0				60	9999	35	24		3					
370623	6		1500		0			成品家具	77200087			13004		0				90	9999	410	343		4					
373315	6		2400		0			成品家具	77200088			7005		0				60	9999	125	94		3					
373128	6		2200		0			成品家具	77200089			7001		0				30	9999	40	29		2					
370508	6		1400		0			成品家具	77200090			6006		0				60	9999	85	62		3					
370509	6		1400		0			成品家具	77200091			6006		0				60	9999	95	72		3					
370624	6		1500		0			成品家具	77200092			13004		0				90	9999	510	304		4					
370625	6		1500		0			成品家具	77200093			13004		0				90	9999	250	125		4					
371221	6		800		0			成品家具	77200094			6002		0				90	9999	160	118		4					
371222	6		800		0			成品家具	77200095			6002		0				90	9999	160	118		4					
370510	6		1400		0			成品家具	77200096			6006		0				90	9999	195	171		4					
370511	6		1400		0			成品家具	77200097			6006		0				90	9999	260	218		4					
370626	6		1500		0			成品家具	77200099			13004		0				90	9999	235	166		4					
371113	6		900		0			成品家具	77200100			6002		0				90	9999	130	97		4					
371114	6		900		0			成品家具	77200101			6002		0				90	9999	125	94		4					
371115	6		900		0			成品家具	77200102			6002		0				90	9999	125	94		4					
370627	6		1500		0			成品家具	77200103			13004		0				90	9999	125	92		4					
371223	6		800		0			成品家具	77200104			6002		0				90	9999	125	94		4					
371224	6		800		0			成品家具	77200105			6002		0				90	9999	95	61		4					
371225	6		800		0			成品家具	77200106			6002		0				90	9999	95	47		4					
371226	6		800		0			成品家具	77200107			6002		0				90	9999	95	71		4					
374313	6		3200		0			成品家具	77203010			7002		0				30	9999	35	24		2					
374314	6		3200		0			成品家具	77203011			7002		0				30	9999	35	24		4					
374205	6		3100		0			成品家具	77205005			7007		0				30	9999	35	24		2					
374206	6		3100		0			成品家具	77205006			7007		0				30	9999	35	24		4					
373410	6		2500		0			成品家具	77208009			7008		0				30	9999	165	147	1	2					
373411	6		2500		0			成品家具	77208010			7008		0				60	9999	145	121	1	3					
373412	6		2500		0			成品家具	77208011			7008		0				60	9999	115	97	1	3					
373413	6		2500		0			成品家具	77208012			7008		0				30	9999	65	47		2					
373414	6		2500		0			成品家具	77208013			7008		0				30	9999	115	97	1	2					
373415	6		2500		0			成品家具	77208014			7008		0				30	9999	115	97	1	2					
373416	6		2500		0			成品家具	77208015			7008		0				60	9999	115	97	1	3					
373316	6		2400		0			成品家具	77204047			7005		0				60	9999	65	47		3					
373317	6		2400		0			成品家具	77204048			7005		0				60	9999	35	24		3					
373318	6		2400		0			成品家具	77204049			7005		0				60	9999	35	24		3					
373319	6		2400		0			成品家具	77204050			7005		0				30	9999	35	24		2					
373320	6		2400		0			成品家具	77204051			7005		0				30	9999	35	24		2					
373321	6		2400		0			成品家具	77204052			7005		0				60	9999	35	24		3					
373322	6		2400		0			成品家具	77204053			7005		0				60	9999	65	47		3					
373323	6		2400		0			成品家具	77204054			11002		3				60	9999	35	24		3					
373324	6		2400		0			成品家具	77204055			11002		3				60	9999	35	24		3					
373325	6		2400		0			成品家具	77204056			11002		3				60	9999	65	47		3					
373326	6		2400		0			成品家具	77204057			11002		3				60	9999	65	47		3					
373129	6		2200		0			成品家具	77204058			7001		0				30	9999	35	24		2					
373130	6		2200		0			成品家具	77204059			7001		0				30	9999	65	47		2					
373131	6		2200		0			成品家具	77204060			7001		0				30	9999	65	47		2					
373327	6		2400		0			成品家具	77204061			7005		0				60	9999	160	117		3					
373328	6		2400		0			成品家具	77204062			7005		0				60	9999	95	71		3					
373329	6		2400		0			成品家具	77204063			7005		0				60	9999	35	24		3					
372224	6		1700		0			成品家具	77204064			10002		0				20	9999	35	24		3					
373330	6		2400		0			成品家具	77204065			4002		0				90	9999	35	24		4					
373331	6		2400		0			成品家具	77204066			7005		0				60	9999	160	118		3					
374109	6		3000		0			成品家具	77207003			7006		0				60	9999	95	95		3					
374110	6		3000		0			成品家具	77207004			7006		0				60	9999	65	65		3					
374111	6		3000		0			成品家具	77207005			7006		0				60	9999	65	65		3					
373332	6		2400		0			成品家具	77215030			7005		0				30	9999	35	24		2					
373132	6		2200		0			成品家具	77215031			7001		0				30	9999	35	24		2					
373133	6		2200		0			成品家具	77215032			7001		0				30	9999	35	24		2					
372321	6		1800		0			成品家具	77213054			10003		0				20	9999	50	50		3					
372322	6		1800		0			成品家具	77213055			10003		0				20	9999	100	100		3					
372323	6		1800		0			成品家具	77213056			10003		0				20	9999	100	100		3					
372324	6		1800		0			成品家具	77213057			10003		0				20	9999	300	300		3					
372325	6		1800		0			成品家具	77213058			10003		0				20	9999	50	50		3					
372326	6		1800		0			成品家具	77213059			10003		0				20	9999	100	100		3					
372327	6		1800		0			成品家具	77213060			10003		0				20	9999	150	150		3					
372328	6		1800		0			成品家具	77213061			10003		0				20	9999	50	50		3					
372329	6		1800		0			成品家具	77213062			10003		0				20	9999	50	50		3					
372330	6		1800		0			成品家具	77213063			10003		0				20	9999	200	200		3					
372331	6		1800		0			成品家具	77213064			10003		0				20	9999	50	50		3					
372332	6		1800		0			成品家具	77213065			10003		0				20	9999	100	100		3					
372433	6		1900		0			成品家具	77213066			10004		0				20	9999	50	50		3					
372434	6		1900		0			成品家具	77213067			10004		0				20	9999	50	50		3					
372435	6		1900		0			成品家具	77213068			10004		0				20	9999	50	50		3					
372436	6		1900		0			成品家具	77213069			10004		0				20	9999	50	50		3					
372437	6		1900		0			成品家具	77213070			10004		0				20	9999	50	50		3					
372438	6		1900		0			成品家具	77213071			10004		0				20	9999	50	50		3					
372439	6		1900		0			成品家具	77213072			10004		0				20	9999	50	50		3					
372225	6		1700		0			成品家具	77215033			10002		0				10	9999	35	24		2					
372226	6		1700		0			成品家具	77215034			10002		0				10	9999	65	47		2					
363313	6		4800		0			成品家具	77115015			11002		3				60	9999	85	64		3					
362210	6		2400		0			成品家具	77115016			4002		0				30	9999	85	64		2					
363206	6		4700		0			成品家具	77115017			11001		3				60	9999	169	127		3					
363207	6		4700		0			成品家具	77115018			11001		3				60	9999	169	127		3					
363208	6		4700		0			成品家具	77115019			11001		3				60	9999	169	127		3					
363314	6		4800		0			成品家具	77115020			11002		3				60	9999	169	127		3					
361313	6		3200		0			成品家具	77115021			3003		0				60	9999	105	79		3					
370111	6		3300		0			成品家具	77115022			11002		3				60	9999	85	64		3					
360407	6		2500		0			成品家具	77108012			11002		3				60	9999	85	64		3					
360408	6		2500		0			成品家具	77108013			11003		3				60	9999	85	64	1	3					
360409	6		2500		0			成品家具	77108014			11003		3				60	9999	85	64	1	3					
360410	6		2500		0			成品家具	77108015			11003		3				60	9999	220	199	1	3					
360411	6		2500		0			成品家具	77108016			7008		0				60	9999	115	97	1	3					
360412	6		2500		0			成品家具	77108017			7008		0				90	9999	115	97	1	4					
360413	6		2500		0			成品家具	77108018			7008		0				60	9999	115	97	1	3					
360414	6		500		0			成品家具	77108019			1004		5		1		60	9999	305	305		3					
361502	6		4100		0			成品家具	77103013			3005		0				60	9999	85	64		3					
362108	6		3100		0			成品家具	77105007			4001		0				30	9999	85	64		2					
364107	6		4900		0			成品家具	77112016			5003		1				90	9999	85	64		4					
364108	6		4900		0			成品家具	77112017			5003		1				90	9999	85	64		4					
364109	6		4900		0			成品家具	77112018			5003		1				90	9999	85	64		4					
364110	6		4900		0			成品家具	77112019			5003		1				90	9999	85	64		4					
361209	6		3900		0			成品家具	77110017			3002		0				90	9999	169	127		4					
361210	6		3900		0			成品家具	77110018			3002		0				90	9999	172	129		4					
370112	6		3300		0			成品家具	77110019			3001		0				60	9999	254	191		3					
370113	6		3300		0			成品家具	77110020			3001		0				60	9999	169	127		3					
370114	6		3300		0			成品家具	77110021			3001		0				60	9999	85	64		3					
362211	6		2400		0			成品家具	77104010			4002		0				60	9999	109	82		3					
362212	6		2400		0			成品家具	77104011			4002		0				60	9999	85	64		3					
362213	6		2400		0			成品家具	77104012			4002		0				90	9999	85	64		4					
370115	6		3300		0			成品家具	77104013			4002		0				60	9999	85	64		3					
362214	6		2400		0			成品家具	77104014			4002		0				90	9999	85	64		4					
362215	6		2400		0			成品家具	77104015			4002		0				90	9999	185	139		4					
362216	6		2400		0			成品家具	77104016			4002		0				90	9999	355	334	1	4					
361314	6		3200		0			成品家具	77104017			3003		0				90	9999	101	76		4					
363315	6		4800		0			成品家具	77104018			11002		3				60	9999	95	72		3					
363316	6		4800		0			成品家具	77104019			11002		3				60	9999	85	64		3					
363317	6		4800		0			成品家具	77104020			11002		3				60	9999	85	64		3					
363318	6		4800		0			成品家具	77104021			11002		3				60	9999	85	64		3					
361403	6		4200		0			成品家具	77109003			3006		0				60	9999	137	103		3					
370512	6		1400		0			成品家具	77200108			6006		0				60	9999	60	45		3					
371116	6		900		0			成品家具	77215038			6003		0				60	9999	735	735		3					
371227	6		800		0			成品家具	77215039			6002		0				60	9999	35	24		3					
371228	6		800		0			成品家具	77215040			6002		0				60	9999	35	24		3					
372227	6		1700		0			成品家具	77215041			10002		0				20	9999	35	24		3					
371229	6		800		0			成品家具	77215042			6002		0				60	9999	35	24		3					
361315	6		3200		0			成品家具	77103014			3003		0				60	9999	169	127		3					
361316	6		3200		0			成品家具	77103015			3003		0				60	9999	85	64		3					
371230	6		800		0			成品家具	77215043			6002		0				60	9999	195	171		3					
373333	6		800		0			成品家具	77204067			7005		0				60	9999	95	71		3					
364501	6		4900		0			成品家具	77112020			5006		1		14		90	9999	169	169		4					
363105	6		2500		0			成品家具	77108020			11003		3				30	9999	220	199		4					
371231	6		800		0			成品家具	77207006			6002		0				20	9999	95	95		3					
371232	6		800		0			成品家具	77207007			6002		0				20	9999	65	65		3					
371233	6		800		0			成品家具	77207008			6002		0				20	9999	65	65		3					
373206	6		2300		0			成品家具	77207009			7003		0				20	9999	125	125		3					
373207	6		2300		0			成品家具	77207010			7003		0				20	9999	65	65		3					
373208	6		2300		0			成品家具	77207011			7003		0				20	9999	95	95		3					
373334	6		2400		0			成品家具	77200110			6003		0				100	9999	550	550		4					
374504	6		3600		0			成品家具	77215048			7012		15				60	9999	35	24		3					
373335	6		800		0			成品家具	77204069			7005		0				90	9999	35	24		4					
371117	6		900		0			成品家具	77200111			6003		0				90	9999	190	190		4					
374001	6		2610		0			成品家具	77215044			7011		0		10		30	99	315	315		4					
374002	6		2610		0			成品家具	77215045			7011		0		10		30	99	315	315		4					
374003	6		2610		0			成品家具	77215046			7011		0		10		30	99	285	285		4					
374004	6		2610		0			成品家具	77215047			7011		0		10		30	99	285	285		4					
374005	6		2811		0			成品家具	77306022			14003		0		11		0	99	0	0		3					
374006	6		2811		0			成品家具	77306023			14003		0		11		0	99	0	0		3					
374007	6		2811		0			成品家具	77306024			14003		0		11		0	99	0	0		3					
374008	6		2811		0			成品家具	77306025			14003		0		11		0	99	0	0		3					
374009	6		2812		0			成品家具	77306030			14003		0		11		0	99	0	0		3					
374010	6		2812		0			成品家具	77306031			14003		0		11		0	99	0	0		3					
374011	6		2812		0			成品家具	77306032			14003		0		11		0	99	0	0		3					
374012	6		2812		0			成品家具	77306033			14003		0		11		0	99	0	0		3					
374013	6		2813		0			成品家具	77306034			14003		0		11		0	99	0	0		3					
374014	6		2813		0			成品家具	77306035			14003		0		11		0	99	0	0		3					
374015	6		2813		0			成品家具	77306036			14003		0		11		0	99	0	0		3					
374016	6		2813		0			成品家具	77306037			14003		0		11		0	99	0	0		3					
374017	6		2814		0			成品家具	77306042			14003		0		11		0	99	0	0		3					
374018	6		2814		0			成品家具	77306043			14003		0		11		0	99	0	0		3					
374019	6		2814		0			成品家具	77306044			14003		0		11		0	99	0	0		3					
374020	6		2814		0			成品家具	77306045			14003		0		11		0	99	0	0		3					
374021	6		2815		0			成品家具	77306026			14003		0		11		0	99	0	0		3					
374022	6		2815		0			成品家具	77306027			14003		0		11		0	99	0	0		3					
374023	6		2815		0			成品家具	77306028			14003		0		11		0	99	0	0		3					
374024	6		2815		0			成品家具	77306029			14003		0		11		0	99	0	0		3					
374025	6		2816		0			成品家具	77306038			14003		0		11		0	99	0	0		3					
374026	6		2816		0			成品家具	77306039			14003		0		11		0	99	0	0		3					
374027	6		2816		0			成品家具	77306040			14003		0		11		0	99	0	0		3					
374028	6		2816		0			成品家具	77306041			14003		0		11		0	99	0	0		3					
369111	6		2900		0			成品家具	77303027			9002	9001	12				100	9999	1000	1000		4					
369112	6		2900		0			成品家具	77303012			9002		12				100	9999	500	500		3					
369113	6		2900		0			成品家具	77303013			9002		12				100	9999	350	350		3					
369114	6		2900		0			成品家具	77303014			9002		12				100	9999	350	350		3					
369115	6		2900		0			成品家具	77303015			9002		12				100	9999	350	350		3					
369116	6		2900		0			成品家具	77303016			9002		12				100	9999	350	350		3					
369117	6		2900		0			成品家具	77303017			9002		12				100	9999	350	350		3					
369118	6		2900		0			成品家具	77303018			9002		12				100	9999	350	350		3					
369119	6		2900		0			成品家具	77303019			9002		12				100	9999	350	350		3					
369120	6		2900		0			成品家具	77303020			9002		12				100	9999	350	350		3					
369121	6		2900		0			成品家具	77303021			9002	9001	12				100	9999	500	500		3					
369122	6		2900		0			成品家具	77303022			9002	9001	12				100	9999	500	500		3					
369123	6		2900		0			成品家具	77303023			9002		12				100	9999	350	350		3					
369124	6		2900		0			成品家具	77303024			9002		12				100	9999	350	350		3					
369125	6		2900		0			成品家具	77303025			9002		12				100	9999	350	350		3					
369126	6		2900		0			成品家具	77303026			9002		12				100	9999	500	500		3					
369127	6		2900		0			成品家具	77303028			9002		12				100	9999	400	400		3					
369128	6		2900		0			成品家具	77303029			9002		12				100	9999	600	600		3					
369129	6		2900		0			成品家具	77303030			9002		12				100	9999	600	600		3					
369130	6		2900		0			成品家具	77303031			9002		12				100	9999	600	600		3					
369131	6		2900		0			成品家具	77303032			9002		12				100	9999	600	600		3					
369132	6		2900		0			成品家具	77303033			9002		12				100	9999	350	350		3					
369133	6		2900		0			成品家具	77303034			9002		12				100	9999	350	350		3					
369134	6		2900		0			成品家具	77303035			9002		12				100	9999	350	350		3					
369135	6		2900		0			成品家具	77303036			9002		12				100	9999	350	350		3					
369136	6		2900		0			成品家具	77303037			9002		12				100	9999	350	350		3					
369137	6		2900		0			成品家具	77303038			9002		12				100	9999	350	350		3					
369138	6		2900		0			成品家具	77303039			9002		12				100	9999	350	350		3					
369139	6		2900		0			成品家具	77303040			9002		12				100	9999	350	350		3					
369140	6		2900		0			成品家具	77303041			9002		12				100	9999	350	350		3					
369141	6		2900		0			成品家具	77303042			9002		12				100	9999	350	350		3					
369142	6		2900		0			成品家具	77303043			9002		12				100	9999	350	350		3					
369143	6		2900		0			成品家具	77303044			9002		12				100	9999	350	350		3					
369144	6		2900		0			成品家具	77303045			9002		12				100	9999	350	350		3					
369145	6		2900		0			成品家具	77303046			9002		12				100	9999	350	350		3					
369146	6		2900		0			成品家具	77303047			9002		12				100	9999	350	350		3					
369147	6		2900		0			成品家具	77303048			9002		12				100	9999	350	350		3					
369148	6		2900		0			成品家具	77303049			9002		12				100	9999	350	350		3					
369149	6		2900		0			成品家具	77303050			9002		12				100	9999	350	350		3					
369150	6		2900		0			成品家具	77303051			9002		12				100	9999	350	350		3					
369151	6		2900		0			成品家具	77303052			9002		12				100	9999	350	350		3					
369152	6		2900		0			成品家具	77303053			9002		12				100	9999	350	350		3					
369153	6		2900		0			成品家具	77303054			9002		12				100	9999	350	350		3					
369154	6		2900		0			成品家具	77303055			9002		12				100	9999	350	350		3					
369155	6		2900		0			成品家具	77303056			9002		12				100	9999	600	600		3					
369156	6		2900		0			成品家具	77303057			9002		12				100	9999	350	350		3					
369157	6		2900		0			成品家具	77303058			9002		12				100	9999	350	350		3					
369158	6		2900		0			成品家具	77303059			9002		12				100	9999	600	600		3					
369159	6		2900		0			成品家具	77303060			9002		12				100	9999	350	350		3					
369160	6		2900		0			成品家具	77303061			9002		12				100	9999	350	350		3					
369161	6		2900		0			成品家具	77303062			9002		12				100	9999	500	500		3					
369162	6		2900		0			成品家具	77303063			9002		12				100	9999	500	500		3					
369163	6		2900		0			成品家具	77303064			9002		12				100	9999	450	450		3					
369164	6		2900		0			成品家具	77303068			9002		12				100	9999	400	400		3					
369165	6		2900		0			成品家具	77303067			9002		12				100	9999	350	350		3					
369166	6		2900		0			成品家具	77303065			9002		12				100	9999	350	350		3					
369167	6		2900		0			成品家具	77303066			9002		12				100	9999	400	400		3					
369168	6		2900		0			成品家具	77303069			9002		12				100	9999	350	350		3					
376111	6		3701		0			成品家具	77015008			7013		0	1	13		90	1	1200	1200		4	HomeworldGroup_0002	11012			
376112	6				0			成品家具	77308004					0	1	12		0	0	0	0		4					
376113	6				0			成品家具	77308008					0	1	12		0	0	0	0		4					
376121	6		3701		0			成品家具	77015008			7013		0	1	13		90	1	1200	1200		4	HomeworldGroup_0003	11013			
376122	6				0			成品家具	77308005					0	1	12		0	0	0	0		4					
376123	6				0			成品家具	77308009					0	1	12		0	0	0	0		4					
376131	6		3701		0			成品家具	77015008			7013		0	1	13		90	1	1200	1200		4	HomeworldGroup_0004	11014			
376132	6				0			成品家具	77308006					0	1	12		0	0	0	0		4					
376133	6				0			成品家具	77308010					0	1	12		0	0	0	0		4					
376141	6		3701		0			成品家具	77015008			7013		0	1	13		90	1	1200	1200		4	HomeworldGroup_0005	11015			
376142	6				0			成品家具	77308007					0	1	12		0	0	0	0		4					
376143	6				0			成品家具	77308011					0	1	12		0	0	0	0		4					
373336	6		2400		0			成品家具	77204068			7005		0		15		90	9999	35	35		4					
362217	6		2400		0			成品家具	77104022			4002		0		15		90	9999	85	85		4					
372107	6		1600		0			成品家具	77002011			10001		9				60	9999	35	24		3					
362218	6		2400		0			成品家具	77104023			4002		0				90	9999	85	64		4					
362219	6		2400		0			成品家具	77104024			4002		0				90	9999	85	64		4					
363319	6		4700		0			成品家具	77104025			11001		3				90	9999	254	191		4					
373337	6		2500		0			成品家具	77200112			7008		0				60	9999	85	74		3					
370513	6		1400		0			成品家具	77200113			6006		0				60	9999	335	261		3					
370514	6		1400		0			成品家具	77200114			6006		0				60	9999	115	97		3					
370515	6		1400		0			成品家具	77200115			6006		0				60	9999	115	97		3					
373134	6		2200		0			成品家具	77204070			7001		0				90	9999	35	24		4					
373338	6		2400		0			成品家具	77204071			7005		0				60	9999	65	47		3					
373339	6		2400		0			成品家具	77204072			7005		0				90	9999	95	71		4					
360415	6		2500		0			成品家具	77208016			7008		0				60	9999	85	74		3					
360416	6		2500		0			成品家具	77208017			7008		0				60	9999	135	124		3					
360417	6		2500		0			成品家具	77208018			7008		0				90	9999	85	74		4					
373340	6		2400		0			成品家具	77215049			7005		0				90	9999	35	24		4					
376151	6		3702		0			成品家具	77015008			7013		0	1	13		90	1	3850	3850		4	HomeworldGroup_0006	11025			2
376152	6				0			成品家具	77308012					0	1	12		0	0	0	0		4					
376153	6				0			成品家具	77308013					0	1	12		0	0	0	0		4			3		
376154	6				0			成品家具	77308013					0	1	12		0	0	0	0		4			3		
371118	6		900		0			成品家具	77310001			6003		0		16		90	9999	450	450		4					
363320	6		4800		0			成品家具	77115023			11002		3				90	9999	85	64		4					
363321	6		4800		0			成品家具	77115024			11002		3				90	9999	169	127		4					
370628	6		1500		0			成品家具	77200118			13004		0				60	9999	250	125		3					
370629	6		1500		0			成品家具	77200119			13004		0				60	9999	250	163		3					
370630	6		1500		0			成品家具	77200120			13004		0				60	9999	345	172		3					
372440	6		1900		0			成品家具	77213073			10004		0				20	9999	100	100		3					
372441	6		1900		0			成品家具	77213074			10004		0				20	9999	50	50		3					
372442	6		1900		0			成品家具	77213075			10004		0				20	9999	50	50		3					
372443	6		1900		0			成品家具	77213076			10004		0				20	9999	50	50		3					
372445	6		1900		0			成品家具	77213078			10004		0				30	9999	50	50		4					
372446	6		1900		0			成品家具	77213079			10004		0				30	9999	50	50		4					
376161	6		3703		0			成品家具	77015008			7013		0	1	13		90	1	300	300		4	HomeworldGroup_0007	11030			3
376162	6				0			成品家具	77308017					0	1	12		0	0	0	0		4					
376163	6				0			成品家具	77308016					0	1	12		0	0	0	0		4					
376164	6				0			成品家具	77308016					0	1	12		0	0	0	0		4					
376165	6				0			成品家具	77308016					0	1	12		0	0	0	0		4					
376166	6				0			成品家具	77308016					0	1	12		0	0	0	0		4					
376167	6				0			成品家具	77308016					0	1	12		0	0	0	0		4					
376168	6				0			成品家具	77308016					0	1	12		0	0	0	0		4					
373711	6		2620		0			成品家具	77215050			7011		0		10		30	9999	345	345		4					
373712	6		2620		0			成品家具	77215051			7011		0		10		30	9999	345	345		4					
373713	6		2620		0			成品家具	77215052			7011		0		10		30	9999	345	345		4					
373714	6		2620		0			成品家具	77215053			7011		0		10		30	9999	345	345		4					
373831	6		2820		0			成品家具				14004		0		11		0	9999	0	0		3					
373832	6		2820		0			成品家具				14004		0		11		0	9999	0	0		3					
373833	6		2820		0			成品家具				14004		0		11		0	9999	0	0		3					
373834	6		2820		0			成品家具				14004		0		11		0	9999	0	0		3					
373835	6		2821		0			成品家具				14004		0		11		0	9999	0	0		3					
373836	6		2821		0			成品家具				14004		0		11		0	9999	0	0		3					
373837	6		2821		0			成品家具				14004		0		11		0	9999	0	0		3					
373838	6		2821		0			成品家具				14004		0		11		0	9999	0	0		3					
373841	6		2822		0			成品家具				14005		0		11		0	9999	0	0		3					
373842	6		2822		0			成品家具				14005		0		11		0	9999	0	0		3					
373843	6		2822		0			成品家具				14005		0		11		0	9999	0	0		3					
373844	6		2822		0			成品家具				14005		0		11		0	9999	0	0		3					
373845	6		2822		0			成品家具				14005		0		11		0	9999	0	0		3					
373846	6		2822		0			成品家具				14005		0		11		0	9999	0	0		3					
373847	6		2822		0			成品家具				14005		0		11		0	9999	0	0		3					
373848	6		2822		0			成品家具				14005		0		11		0	9999	0	0		3					
373849	6		2822		0			成品家具				14005		0		11		0	9999	0	0		3					
373850	6		2822		0			成品家具				14005		0		11		0	9999	0	0		3					
373851	6		2822		0			成品家具				14005		0		11		0	9999	0	0		3					
373852	6		2822		0			成品家具				14005		0		11		0	9999	0	0		3					
372605	6		2100		0			成品家具	77002012			10006		9				20	9999	35	24		3					
370516	6		1400		0			成品家具	77200121			6006		0				60	9999	785	649		3					
370517	6		1400		0			成品家具	77200122			6006		0				60	9999	490	379		3					
373341	6		2400		0			成品家具	77204074			7005		3				90	9999	35	24		4					
373342	6		2400		0			成品家具	77204075			7005		3				90	9999	35	24		4					
373135	6		2200		0			成品家具	77204076			7001		0				90	9999	400	400		4					
373136	6		2200		0			成品家具	77204077			7001		0				90	9999	400	400		4					
373343	6		2400		0			成品家具	77204078			7005		0				90	9999	35	24		4					
373344	6		2400		0			成品家具	77204079			7005		0				60	9999	65	47		3					
373345	6		2400		0			成品家具	77204080			7005		0				90	9999	315	235		4					
373137	6		2200		0			成品家具	77215054			7001		0				60	9999	270	270		3					
373138	6		2200		0			成品家具	77215055			7001		0				60	9999	145	145		3					
376171	6		3704		0			成品家具	77015008			7013		0	1	13		90	1	1600	1600		4	HomeworldGroup_0008	11043			4
376172	6				0			成品家具	77308018					0	1	12		0	0	0	0		4					
376173	6				0			成品家具	77308019					0	1	12		0	0	0	0		4			1		
376174	6				0			成品家具	77308019					0	1	12		0	0	0	0		4			1		
376175	6				0			成品家具	77308019					0	1	12		0	0	0	0		4			1		
376176	6				0			成品家具	77308019					0	1	12		0	0	0	0		4			1		
376177	6				0			成品家具	77308019					0	1	12		0	0	0	0		4			1		
376178	6				0			成品家具	77308019					0	1	12		0	0	0	0		4			1		
376179	6				0			成品家具	77308019					0	1	12		0	0	0	0		4			1		
376180	6				0			成品家具	77308019					0	1	12		0	0	0	0		4			1		
376181	6				0			成品家具	77308019					0	1	12		0	0	0	0		4			1		
376182	6				0			成品家具	77308019					0	1	12		0	0	0	0		4			1		
376183	6				0			成品家具	77308019					0	1	12		0	0	0	0		4			1		
376184	6				0			成品家具	77308019					0	1	12		0	0	0	0		4			1		
364212	6		5000		0			成品家具	77112021			5005		1				30	9999	85	64		4					
370116	6		1000		0			成品家具	77200123			13001		9				90	9999	615	504		4				1	
374315	6		3200		0			成品家具	77203012			7002		0				90	9999	65	47		4					
374207	6		3100		0			成品家具	77205007			7007		0				60	9999	35	24		3					
374316	6		3200		0			成品家具	77206003			7002		0				90	9999	105	76		4					
373139	6		2200		0			成品家具	77215056			7001		0				90	9999	160	118		4					
373140	6		2200		0			成品家具	77215057			7001		0				90	9999	40	29		4					
373346	6		2400		0			成品家具	77204081			7005		0				90	9999	65	47		4					
373347	6		2400		0			成品家具	77204082			7005		0				90	9999	65	47		4					
374505	6		3600		0			成品家具	77215058			7012		15				60	9999	35	24		3					
371119	6		2400		0			成品家具	77200124			6003		0				90	9999	255	190		4					
371120	6		2400		0			成品家具	77200125			6003		0				60	9999	60	44		3					
360418	6		2500		0			成品家具	77208019			7008		3				60	9999	115	97		3					
372333	6		1800		0			成品家具	77213080			10003		0				20	9999	100	100		3					
372334	6		1800		0			成品家具	77213081			10003		0				20	9999	50	50		3					
372447	6		1900		0			成品家具	77213082			10004		0				20	9999	35	24		3					
372448	6		1900		0			成品家具	77213083			10004		0				20	9999	35	24		3					
364601	6		2410		0			成品家具	77320001			7005		0				20	9999	400	400		3					
364602	6		2410		0			成品家具	77320002			7005		0				20	9999	400	400		3					
364603	6		2410		0			成品家具	77320003			7005		0				20	9999	400	400		3					
364604	6		2410		0			成品家具	77320004			7005		0				20	9999	400	400		3					
364605	6		2410		0			成品家具	77320005			7005		0				20	9999	400	400		3					
364606	6		2410		0			成品家具	77320006			7005		0				20	9999	400	400		3					
364607	6		2410		0			成品家具	77320007			7005		0				20	9999	400	400		3					
364608	6		2410		0			成品家具	77320008			7005		0				20	9999	400	400		3					
364609	6		2410		0			成品家具	77320009			7005		0				20	9999	400	400		3					
364610	6		2410		0			成品家具	77320010			7005		0				20	9999	400	400		3					
364611	6		2410		0			成品家具	77320011			7005		0				20	9999	400	400		3					
364612	6		2410		0			成品家具	77320012			7005		0				20	9999	400	400		3					
364613	6		2410		0			成品家具	77320013			7005		0				20	9999	400	400		3					
364614	6		2410		0			成品家具	77320014			7005		0				20	9999	400	400		3					
364615	6		2410		0			成品家具	77320015			7005		0				20	9999	400	400		3					
364616	6		2410		0			成品家具	77320016			7005		0				20	9999	400	400		3					
364617	6		2410		0			成品家具	77320017			7005		0				20	9999	400	400		3					
364618	6		2410		0			成品家具	77320018			7005		0				20	9999	400	400		3					
364619	6		2410		0			成品家具	77320019			7005		0				20	9999	500	500		3					
364620	6		2410		0			成品家具	77320020			7005		0				20	9999	500	500		3					
373348	6		2400		0			成品家具	77204083			7005		3				90	9999	250	250		4					
373349	6		2400		0			成品家具	77204084			7005		3				90	9999	35	26		4					
364502	6		4900		0			成品家具	77112022			5006		1				90	9999	169	127		4					
364503	6		4900		0			成品家具	77112023			5006		1				90	9999	169	127		4					
364504	6		4900		0			成品家具	77112024			5006		1				90	9999	280	280		4					
373141	6		2200		0			成品家具	77215059			7001		0				90	9999	340	340		4					
363106	6		2500		0			成品家具	77108021			11003		3				90	9999	220	199		4					
363322	6		4800		0			成品家具	77115025			11002		3				90	9999	85	64		4					
370518	6		1400		0			成品家具	77200126			6006		0				90	9999	140	102		4					
373350	6		2400		0			成品家具	77204085			7005		0				90	9999	35	24		4					
373351	6		2200		0			成品家具	77204086			7001		0				90	9999	210	210		4					
373352	6		3100		0			成品家具	77204087			7007		0				90	9999	35	24		4					
373353	6		3300		0			成品家具	77204088			7004		0				90	9999	60	43		4					
373354	6		2400		0			成品家具	77204089			7005		0				90	9999	35	24		4					
373602	6		3500		0			成品家具	77115026			3007		0		17		200	9999	2550	2550		4					
363323	6		4800		0			成品家具	77115027			11002		3				20	9999	592	592		3					
363324	6		4700		0			成品家具	77115028			11001		3				90	9999	254	191		4					
362220	6		2400		0			成品家具	77104026			4002		0				30	9999	169	127		4					
371234	6		800		0			成品家具	77200127			6002		0				90	9999	315	315		4					
370700	6		1510		0			成品家具	77204101			13005		15				90	9999	335	261		4					
362221	6		2400		0			成品家具	77104027			4002		3				60	9999	85	64		3					
362222	6		2400		0			成品家具	77104028			4002		3				60	9999	85	64		3					
362223	6		2400		0			成品家具	77104029			4002		3				60	9999	85	64		3					
362224	6		2400		0			成品家具	77104030			4002		3				30	9999	85	64		2					
362225	6		2400		0			成品家具	77104031			4002		3				30	9999	85	64		2					
362226	6		2400		0			成品家具	77104032			4002		3				30	9999	85	64		2					
362227	6		2400		0			成品家具	77104033			4002		3				30	9999	169	127		2					
363325	6		4700		0			成品家具	77104034			11001		3				60	9999	169	127		3					
363326	6		4700		0			成品家具	77104035			11001		3				60	9999	169	127		3					
362305	6		4500		0			成品家具	77111005			4004		8				60	9999	85	64		3					
362306	6		4500		0			成品家具	77111006			4004		8				60	9999	85	64		3					
362307	6		4500		0			成品家具	77111007			4004		8				60	9999	85	64		3					
370701	6		1510		0			成品家具	77200128			13005		0				60	9999	160	118		3					
370702	6		1510		0			成品家具	77200129			13005		0				60	9999	65	47		3					
370703	6		1510		0			成品家具	77200130			13005		0				60	9999	135	99		3					
370704	6		1510		0			成品家具	77200131			13005		0				60	9999	65	47		3					
370311	6		2200		0			成品家具	77200132			7001		0				60	9999	65	47		3					
370312	6		2200		0			成品家具	77200133			7001		0				60	9999	95	71		3					
370313	6		2200		0			成品家具	77200134			7001		0				60	9999	65	47		3					
370314	6		1300		0			成品家具	77200135			6005		0				60	9999	210	157		3					
370315	6		1300		0			成品家具	77200136			6005		0				60	9999	95	71		3					
370316	6		1300		0			成品家具	77200137			6005		0				60	9999	65	47		3					
370317	6		1300		0			成品家具	77200138			6005		0				60	9999	160	118		3					
370318	6		2200		0			成品家具	77200139			7001		0				60	9999	35	24		3					
370319	6		1300		0			成品家具	77200140			6005		0				60	9999	65	47		3					
371235	6		3000		0			成品家具	77200141			7006		0				30	9999	35	24		2					
371236	6		3000		0			成品家具	77200142			7006		0				30	9999	35	24		2					
373142	6		2200		0			成品家具	77204090			7001		0				60	9999	45	31		3					
373143	6		2200		0			成品家具	77204091			7001		0				60	9999	35	24		3					
373144	6		2200		0			成品家具	77204092			7001		0				30	9999	35	24		2					
373145	6		2200		0			成品家具	77204093			7001		0				30	9999	35	24		2					
373146	6		2200		0			成品家具	77204094			7001		0				60	9999	65	47		3					
373355	6		2400		0			成品家具	77204095			7005		0				60	9999	65	47		3					
373356	6		2400		0			成品家具	77204096			7005		0				60	9999	35	24		3					
373357	6		2400		0			成品家具	77204097			7005		0				60	9999	260	218		3					
373358	6		2400		0			成品家具	77204098			7005		0				60	9999	35	24		3					
373359	6		2400		0			成品家具	77204099			7005		0				60	9999	35	24		3					
373360	6		2400		0			成品家具	77204100			7005		0				60	9999	45	34		3					
360419	6		2500		0			成品家具	77208020			7008		0				60	9999	165	147		3					
360420	6		2500		0			成品家具	77208021			7008		0				60	9999	85	74		3					
372449	6		1900		0			成品家具	77213084			10004		0				10	9999	35	24		2					
372450	6		1900		0			成品家具	77213085			10004		0				10	9999	35	24		2					
372451	6		1900		0			成品家具	77213086			10004		0				10	9999	35	24		2					
372452	6		1900		0			成品家具	77213087			10004		0				10	9999	35	24		2					
372453	6		1900		0			成品家具	77213088			10004		0				10	9999	65	65		2					
361317	6		3200		0			成品家具	77103016			3003		0				60	9999	169	127		3					
361107	6		3300		0			成品家具	77110022			3001		0				60	9999	86	65		3					
370320	6		1300		0			成品家具	77200143			6005		0				60	9999	95	71		3					
370321	6		1300		0			成品家具	77200144			6005		0				60	9999	130	96		3					
360421	6		2500		0			成品家具	77208022			7008		0				90	9999	115	97		4					
374031	6		2630		0			成品家具	77215060			7011		0		10		20	9999	160	160		3					
374032	6		2630		0			成品家具	77215061			7011		0		10		20	9999	160	160		3					
374033	6		2630		0			成品家具	77215062			7011		0		10		20	9999	160	160		3					
374034	6		2630		0			成品家具	77215063			7011		0		10		20	9999	160	160		3					
374035	6		2630		0			成品家具	77215064			7011		0		10		20	9999	160	160		3					
374036	6		2630		0			成品家具	77215065			7011		0		10		20	9999	160	160		3					
374037	6		2630		0			成品家具	77215066			7011		0		10		20	9999	160	160		3					
374038	6		2630		0			成品家具	77215067			7011		0		10		20	9999	160	160		3					
374039	6		2630		0			成品家具	77215068			7011		0		10		20	9999	160	160		3					
374040	6		2630		0			成品家具	77215069			7011		0		10		20	9999	160	160		3					
374041	6		2630		0			成品家具	77215070			7011		0		10		20	9999	160	160		3					
374042	6		2630		0			成品家具	77215071			7011		0		10		20	9999	160	160		3					
374051	6		2830		0			成品家具	77306090			14006		0		11		0	9999	0	0		3					
374052	6		2830		0			成品家具	77306091			14006		0		11		0	9999	0	0		3					
374053	6		2830		0			成品家具	77306092			14006		0		11		0	9999	0	0		3					
374054	6		2830		0			成品家具	77306093			14006		0		11		0	9999	0	0		3					
374055	6		2830		0			成品家具	77306094			14006		0		11		0	9999	0	0		3					
374056	6		2830		0			成品家具	77306095			14006		0		11		0	9999	0	0		3					
374057	6		2830		0			成品家具	77306096			14006		0		11		0	9999	0	0		3					
374058	6		2830		0			成品家具	77306097			14006		0		11		0	9999	0	0		3					
374059	6		2830		0			成品家具	77306098			14006		0		11		0	9999	0	0		3					
374060	6		2830		0			成品家具	77306099			14006		0		11		0	9999	0	0		3					
374061	6		2830		0			成品家具	77306100			14006		0		11		0	9999	0	0		3					
374062	6		2830		0			成品家具	77306101			14006		0		11		0	9999	0	0		3					
374071	6		2831		0			成品家具	77306102			14006		0		11		0	9999	0	0		3					
374072	6		2831		0			成品家具	77306103			14006		0		11		0	9999	0	0		3					
374073	6		2831		0			成品家具	77306104			14006		0		11		0	9999	0	0		3					
374074	6		2831		0			成品家具	77306105			14006		0		11		0	9999	0	0		3					
374081	6		2832		0			成品家具	77306106			14006		0		11		0	9999	0	0		3					
374082	6		2832		0			成品家具	77306107			14006		0		11		0	9999	0	0		3					
374083	6		2832		0			成品家具	77306108			14006		0		11		0	9999	0	0		3					
374084	6		2832		0			成品家具	77306109			14006		0		11		0	9999	0	0		3					
374085	6		2832		0			成品家具	77306110			14006		0		11		0	9999	0	0		3					
374091	6		2833		0			成品家具	77306111			14006		0		11		0	9999	0	0		3					
374092	6		2833		0			成品家具	77306112			14006		0		11		0	9999	0	0		3					
374093	6		2833		0			成品家具	77306113			14006		0		11		0	9999	0	0		3					
372108	6		1600		0			成品家具	77002013			10001		9				20	9999	35	16		3					
372109	6		1600		0			成品家具	77002014			10001		9				20	9999	35	16		3					
361318	6		3200		0			成品家具	77103017			3003		0				60	9999	85	64		3					
361503	6		4100		0			成品家具	77103018			3005		0				60	9999	169	127		3					
362228	6		2400		0			成品家具	77104036			4002		3				60	9999	85	64		3					
362229	6		2400		0			成品家具	77104037			4002		3				60	9999	85	64		3					
361504	6		4100		0			成品家具	77104038			3005		0				60	9999	693	693		3					
361505	6		2400		0			成品家具	77104039			4002		0				60	9999	85	64		3					
362231	6		2400		0			成品家具	77104040			4002		0				90	9999	85	64		4					
363107	6		2500		0			成品家具	77108022			11003		3				60	9999	220	199		3					
361108	6		3300		0			成品家具	77110024			3001		0				60	9999	85	64		3					
361212	6		3900		0			成品家具	77110025			3002		0				60	9999	254	191		3					
362308	6		4500		0			成品家具	77111008			4004		8				60	9999	85	64		3					
362309	6		4500		0			成品家具	77111009			4004		8				60	9999	85	64		3					
364213	6		5000		0			成品家具	77112026			5005		1				60	9999	85	64		3					
364214	6		5000		0			成品家具	77112027			5005		1				60	9999	85	64		3					
364215	6		5000		0			成品家具	77112028			5005		1				60	9999	141	106		3					
363327	6		4800		0			成品家具	77115029			11002		3				90	9999	254	254		4					
363328	6		4800		0			成品家具	77115030			11002		3				90	9999	539	461		4					
363329	6		4800		0			成品家具	77115031			11002		3				90	9999	85	64		4					
363330	6		4800		0			成品家具	77115032			11002		3				60	9999	169	127		3					
363331	6		4800		0			成品家具	77115033			11002		3				60	9999	169	127		3					
363332	6		4800		0			成品家具	77115034			11002		3				60	9999	85	64		3					
370705	6		1510		0			成品家具	77200145			13005		0				60	9999	110	54		3					
370706	6		1510		0			成品家具	77200146			13005		0				60	9999	125	63		3					
370707	6		1510		0			成品家具	77200147			13005		0				60	9999	125	94		3					
370708	6		1510		0			成品家具	77200148			13005		0				60	9999	125	82		3					
370709	6		1510		0			成品家具	77200149			13005		0				60	9999	125	94		3					
370710	6		1510		0			成品家具	77200150			13005		0				60	9999	125	63		3					
371122	6		2400		0			成品家具	77200151			6003		0				60	9999	65	65		3					
371123	6		2400		0			成品家具	77200152			6003		0				60	9999	65	65		3					
371124	6		2400		0			成品家具	77200153			6003		0				60	9999	50	50		3					
371125	6		2400		0			成品家具	77200154			6003		0				60	9999	65	65		3					
371237	6		800		0			成品家具	77200155			6002		0				60	9999	65	47		3					
371238	6		800		0			成品家具	77200156			6002		0				60	9999	220	165		3					
371239	6		800		0			成品家具	77200157			6002		0				60	9999	220	165		3					
372454	6		1900		0			成品家具	77213089			10004		0				10	9999	50	50		2					
372455	6		1900		0			成品家具	77213090			10004		0				10	9999	50	50		2					
372456	6		1900		0			成品家具	77213091			10004		0				20	9999	50	50		3					
372457	6		1900		0			成品家具	77213092			10004		0				20	9999	50	50		3					
372458	6		1900		0			成品家具	77213093			10004		0				20	9999	50	50		3					
372459	6		1900		0			成品家具	77213094			10004		0				20	9999	50	50		3					
372460	6		1900		0			成品家具	77213095			10004		0				20	9999	50	50		3					
372461	6		1900		0			成品家具	77213096			10004		0				20	9999	50	50		3					
372462	6		1900		0			成品家具	77213097			10004		0				20	9999	50	50		3					
372463	6		1900		0			成品家具	77213098			10004		0				20	9999	50	50		3					
372464	6		1900		0			成品家具	77213099			10004		0				20	9999	50	50		3					
372465	6		1900		0			成品家具	77213100			10004		0				20	9999	50	50		3					
372466	6		1900		0			成品家具	77213101			10004		0				20	9999	50	50		3					
372467	6		1900		0			成品家具	77213102			10004		0				20	9999	50	50		3					
372468	6		1900		0			成品家具	77213103			10004		0				10	9999	35	24		2					
372228	6		1700		0			成品家具	77214024			10002		0				20	9999	35	16		3					
372229	6		1700		0			成品家具	77214025			10002		0				20	9999	35	24		3					
374700	6		2640		0			成品家具	77320021			7011		0		10		30	9999	938	938		4					
374701	6		2840		0			成品家具	77320023			14007		0		11		0	9999	0	0		4					
374702	6		2840		0			成品家具	77320024			14007		0		11		0	9999	0	0		4					
374703	6		2840		0			成品家具	77320025			14007		0		11		0	9999	0	0		4					
374704	6		2841		0			成品家具	77320026			14007		0		11		0	9999	0	0		3					
374705	6		2841		0			成品家具	77320027			14007		0		11		0	9999	0	0		3					
374706	6		2841		0			成品家具	77320028			14007		0		11		0	9999	0	0		3					
374707	6		2842		0			成品家具	77320029			14007		0		11		0	9999	0	0		3					
374708	6		2842		0			成品家具	77320030			14007		0		11		0	9999	0	0		3					
374709	6		2842		0			成品家具	77320031			14007		0		11		0	9999	0	0		3					
374710	6		2843		0			成品家具	77320032			14007		0		11		0	9999	0	0		3					
374711	6		2843		0			成品家具	77320033			14007		0		11		0	9999	0	0		3					
374712	6		2843		0			成品家具	77320034			14007		0		11		0	9999	0	0		3					
374713	6		2844		0			成品家具	77320035			14007		0		11		0	9999	0	0		3					
374714	6		2844		0			成品家具	77320036			14007		0		11		0	9999	0	0		3					
374715	6		2844		0			成品家具	77320037			14007		0		11		0	9999	0	0		3					
361211	6		3900		0			成品家具	77110023			3002		0				30	9999	223	199		4					
364505	6		4900		0			成品家具	77112025			5006		1				30	9999	85	64		4					
375104	6		100		0			成品家具	77200158			12001		13		6	2204	750	9999	1085	1085		5					
360104	6		200		0			成品家具				1001		7		1		30	9999	0	0		3					
360204	6		300		0			成品家具				1002		6		1		30	9999	0	0		3					
360304	6		400		0			成品家具				1003		2		1		30	9999	0	0		3					
360504	6		500		0			成品家具	77108023			1004		5		1		60	9999	305	305		3					
364304	6		600		0			成品家具				1005		4		1		30	9999	0	0		3					
364404	6		700		0			成品家具				1006		10		1		30	9999	0	0		3					
370711	6		1510		0			成品家具	77200159			13005		9				90	9999	200	99		4				1	
370712	6		1510		0			成品家具	77200160			13005		9				90	9999	210	158		4				1	
370713	6		1510		0			成品家具	77200161			13005		9				90	9999	305	152		4				1	
370714	6		1510		0			成品家具	77200162			13005		9				90	9999	170	126		4				1	
370715	6		1510		0			成品家具	77200163			13005		9				90	9999	190	143		4				1	
370716	6		1510		0			成品家具	77200164			13005		9				90	9999	250	163		4				1	
372606	6		2100		0			成品家具	77002015			10006		9				60	9999	35	24		3			2		
372607	6		2100		0			成品家具	77002016			10006		9				60	9999	35	24		3			2		
361319	6		3200		0			成品家具	77103019			3003		0				60	9999	85	64		3					
361320	6		3200		0			成品家具	77103020			3003		0				60	9999	85	64		3					
361321	6		3200		0			成品家具	77103021			3003		0				60	9999	85	64		3					
361506	6		4100		0			成品家具	77103022			3005		0				60	9999	136	102		3					
363333	6		4800		0			成品家具	77104041			11002		3				90	9999	169	127		4					
363334	6		4800		0			成品家具	77104042			11002		3				90	9999	135	135		4					
362232	6		2400		0			成品家具	77104043			4002		3				20	9999	169	127		3					
362233	6		2400		0			成品家具	77104044			4002		0				90	9999	338	254		4					
362234	6		2400		0			成品家具	77104045			4002		3				60	9999	85	64		3					
363335	6		4800		0			成品家具	77104046			11002		3				60	9999	85	64		3					
363336	6		4800		0			成品家具	77104047			11002		3				60	9999	85	64		3					
363337	6		4800		0			成品家具	77104048			11002		3				60	9999	85	64		3					
362109	6		3100		0			成品家具	77105008			4001		0				60	9999	85	64		3					
362110	6		3100		0			成品家具	77105009			4001		0				60	9999	85	64		3					
362111	6		3100		0			成品家具	77105010			4001		0				60	9999	169	127		3					
363108	6		2500		0			成品家具	77108024			11003		0				60	9999	220	199		3					
361404	6		4200		0			成品家具	77109004			3006		0				90	9999	85	64		4					
361405	6		4200		0			成品家具	77109005			3006		0				60	9999	85	64		3					
361109	6		3300		0			成品家具	77110026			3001		0				60	9999	85	64		3					
361110	6		3300		0			成品家具	77110027			3001		0				60	9999	85	64		3					
361213	6		3900		0			成品家具	77110028			3002		0				90	9999	254	191		4					
361214	6		3900		0			成品家具	77110029			3002		0				90	9999	254	191		4					
364216	6		5000		0			成品家具	77112029			5005		1				90	9999	169	127		4					
362235	6		2400		0			成品家具	77115035			4002		0				60	9999	609	609		3					
362236	6		2400		0			成品家具	77115036			4002		0				90	9999	643	643		4					
362237	6		2400		0			成品家具	77115037			4002		0				90	9999	693	693		4					
370717	6		1510		0			成品家具	77200165			13005		9				90	9999	160	118		4				1	
370718	6		1510		0			成品家具	77200166			13005		0				60	9999	335	166		3					
370719	6		1510		0			成品家具	77200167			13005		0				60	9999	685	341		3					
370720	6		1510		0			成品家具	77200168			13005		0				60	9999	810	404		3					
370721	6		1510		0			成品家具	77200169			13005		0				60	9999	960	504		3					
370722	6		1510		0			成品家具	77200170			13005		0				60	9999	260	129		3					
370723	6		1510		0			成品家具	77200171			13005		0				60	9999	300	223		3					
370724	6		1510		0			成品家具	77200172			13005		0				90	9999	590	442		4					
370725	6		1510		0			成品家具	77200173			13005		9				90	9999	360	285		4				1	
370726	6		1510		0			成品家具	77200174			13005		0				60	9999	160	79		3					
370727	6		1510		0			成品家具	77200175			13005		0				60	9999	260	167		3					
370728	6		1510		0			成品家具	77200176			13005		0				60	9999	360	179		3					
370729	6		1510		0			成品家具	77200177			13005		0				60	9999	685	443		3					
373209	6		2300		0			成品家具	77204102			7003		0				30	9999	95	71		4					
373210	6		2300		0			成品家具	77204103			7003		0				30	9999	95	71		4					
373361	6		2400		0			成品家具	77204104			7005		0				60	9999	35	24		3					
371126	6		2400		0			成品家具	77204105			6003		0				90	9999	285	285		4					
371127	6		2400		0			成品家具	77204106			6003		0				90	9999	210	210		4					
372469	6		1900		0			成品家具	77207012			10004		0				30	9999	50	50		4					
360422	6		2500		0			成品家具	77208023			7008		0				90	9999	85	74		4					
360423	6		2500		0			成品家具	77208024			7008		0				60	9999	85	74		3					
360424	6		2500		0			成品家具	77208025			7008		0				90	9999	85	74		4					
372470	6		1900		0			成品家具	77213104			10004		0				20	9999	50	50		3					
372471	6		1900		0			成品家具	77213105			10004		0				20	9999	50	50		3					
372472	6		1900		0			成品家具	77213106			10004		0				20	9999	50	50		3					
372473	6		1900		0			成品家具	77213107			10004		0				20	9999	50	50		3					
372474	6		1900		0			成品家具	77213108			10004		0				20	9999	50	50		3					
372335	6		1800		0			成品家具	77213109			10003		0				20	9999	50	50		3					
372336	6		1800		0			成品家具	77213110			10003		0				20	9999	50	50		3					
372337	6		1800		0			成品家具	77213111			10003		0				20	9999	50	50		3					
372338	6		1800		0			成品家具	77213112			10003		0				10	9999	300	300		2					
372339	6		1800		0			成品家具	77213113			10003		0				10	9999	750	750		2					
373147	6		2200		0			成品家具	77215072			7001		0				90	9999	350	350		4					
371121	6		2400		0			成品家具	77200110			6003		0				90	9999	550	550		4					
360009	6		2400		0			成品家具	77200110			6003		0				90	9999	550	550		4					
360001	6				0									7		1		1	0	0	0		1					
360002	6				0									7		1		1	0	0	0		1					
360003	6				0									6		1		1	0	0	0		1					
360004	6				0									6		1		1	0	0	0		1					
360005	6				0									2		1		1	0	0	0		1					
360006	6				0									2		1		1	0	0	0		1					
360007	6				0									5		1		1	0	0	0		1					
360008	6				0									5		1		1	0	0	0		1					
373100	6				0				70310014					0				1	0	0	0		1					
373900	6				0				70290175					0		10		0	0	0	0		1					
373901	6				0				70290197					0		10		0	0	0	0		1					
373902	6				0				70290201					0		10		0	0	0	0		1					
373903	6				0				70290202					0		10		0	0	0	0		1					
373904	6				0				70290203					0		10		0	0	0	0		1					
