ID
1001
1002
1003
1101
1102
1103
1104
1105
1106
1201
1202
1203
1205
1206
1301
1302
1303
1305
1306
1401
1402
1403
1404
1405
1406
1501
1502
1504
1601
1602
1605
1701
1702
2201
4201
4202
2202
4203
4204
2301
4301
4302
2501
4501
4502
2601
4601
4602
4603
4604
2701
4701
4702
4703
4704
3001
3002
3003
3101
3102
3103
3201
5201
3202
3203
3204
3301
5301
3302
3303
3304
3305
3401
3402
3403
3405
3406
3501
3502
3701
3703
81
82
83
84
85
86
87
115
111011
211011
111023
211021
211031
211041
111051
211051
212021
112011
212011
112031
212031
213011
113021
213021
213031
213051
213061
114011
114012
214011
214021
114031
214031
214041
214051
115011
115012
215011
115021
215021
215041
216011
216021
117011
217011
117022
217021
122010
122014
122011
122012
122013
222011
222021
223011
125011
125012
225011
226011
227011
132021
135011
311101
311102
311103
311201
311202
311203
311301
311302
311303
311401
311402
311403
311501
311502
311503
312001
312002
312003
312004
312005
312006
312101
312102
312201
312202
312301
312302
312401
312402
312501
312502
312601
312602
312701
312702
321001
321002
321003
321004
321005
321006
322001
322002
322003
322004
322005
322006
322007
322008
322009
322010
322011
322012
323001
323002
331101
331102
331201
331202
331301
331302
331401
331402
331501
331502
331601
331602
331701
331702
332001
332002
332003
332004
332005
332006
332007
332008
332009
332010
332011
332012
332013
332014
332015
303210
303211
303212
303213
303214
333001
333002
333003
333004
333005
333006
333007
333008
421001
421002
421003
421004
421005
421006
421007
421008
421009
422001
422002
422003
422004
422005
422006
422007
423001
423002
423003
423004
