ID	角色列表	卡牌列表	角色初始附属卡牌	角色初始生命	角色初始充能	卡组行为树	冒险模式规则	[候补角色]1角色ID	[候补角色]1登场条件人数	[候补角色]2角色ID	[候补角色]2登场条件人数	[候补角色]3角色ID	[候补角色]3登场条件人数	[候补角色]4角色ID	[候补角色]4登场条件人数	[候补角色]5角色ID	[候补角色]5登场条件人数	[候补角色]6角色ID	[候补角色]6登场条件人数	保护优先级	角色牌是黄金卡	行动牌是黄金卡	是否允许非法牌组	牌背编号
1	1301; 1303; 1203	311302; 311302; 213011; 213011; 312302; 312302; 312301; 312301; 312201; 312201; 332007; 332007; 322001; 322001; 322007; 322007; 322010; 322010; 332008; 332008; 321003; 321003; 321006; 321006; 332001; 332001; 333006; 333006; 331301; 331301				ai_hard														2;0;1			0	
2	2201; 1302; 1401	222011; 222011; 213021; 213021; 322006; 322006; 312301; 312301; 312201; 312201; 312401; 312401; 322001; 332012; 332012; 322007; 321004; 321004; 332008; 332008; 321006; 321006; 321005; 321005; 321001; 321001; 333006; 333006; 332001; 332001				ai_hard														2;1;0			0	
3	1104; 1305; 1402	311301; 311301; 311302; 311302; 311201; 311201; 312301; 312301; 312101; 312101; 312401; 312401; 322001; 322001; 322007; 322007; 322010; 322010; 332008; 332008; 322002; 322002; 333004; 333004; 333001; 333001; 333006; 333006; 213051; 213051				ai_hard																	0	
4	2201; 2501; 1305	312201; 312201; 312501; 312501; 312301; 312301; 311201; 311201; 332004; 321001; 322011; 322011; 322001; 322001; 322007; 322007; 321005; 321005; 332008; 332008; 322002; 322002; 222011; 222011; 225011; 225011; 333006; 333006; 213051; 213051				ai_hard																	0	
5	1301; 1103; 1401	311101; 311201; 311301; 311401; 311501; 312401; 312301; 312101; 312601; 312201; 312501; 312701; 322001; 321004; 321006; 332001; 332002; 332003; 332004; 332006; 332012; 332013; 332014; 332008; 332009; 333005; 332007; 332010; 332011; 332005				ai_hard																	0	
6	1301; 1103; 1401	311101; 311201; 311301; 311401; 311501; 312401; 312301; 312101; 312601; 312201; 312501; 312701; 322001; 321004; 321006; 332001; 332002; 332003; 332004; 332006; 332012; 332013; 332014; 332008; 332009; 333005; 332007; 332010; 332011; 332005				ai_hard_nocard																	0	
7	1301; 1103; 1501	311101; 311201; 311301; 311401; 311501; 312401; 312301; 312101; 312601; 312201; 312501; 312701; 322001; 321004; 321006; 332001; 332002; 333008; 332004; 332006; 332012; 332013; 332014; 332008; 332009; 333005; 332007; 332010; 332011; 332005				ai_hard																	0	
8	1101; 1302; 1401	311201; 311201; 311203; 311203; 312401; 312401; 312301; 312301; 312101; 312101; 322001; 322001; 321004; 321004; 321006; 321006; 332001; 333006; 332004; 332006; 332012; 332012; 332008; 332008; 332009; 333005; 332007; 332010; 332001; 332005				ai_hard														2;1;0			0	
9	1401; 1302; 1103	311101; 311201; 311301; 311401; 311501; 312401; 312301; 312101; 312601; 312201; 312501; 312701; 322001; 321004; 321006; 332001; 332002; 332003; 332004; 332006; 332012; 332013; 332014; 332008; 332009; 333005; 332007; 332010; 332011; 332005				ai_easy_3																	0	
10	1203	222011; 222011; 213021; 213021; 322006; 322006; 312301; 312301; 312201; 312201; 312401; 312401; 322001; 332012; 332012; 322007; 321004; 321004; 332008; 332008; 321006; 321006; 321005; 321005; 321001; 321001; 333006; 333006; 332001; 332001				ai_hard																	1	
100	3001; 3001; 3001					ai_hard	414200	3201	0	3301	1	2201	0										1	
101	3501; 3202; 3304; 3402					ai_hard	513300	3302	3														1	
102	3001; 3201; 3001; 3301					ai_hard	414200	3001	3														1	
103	2301; 2301; 3201		223011;223011;0			ai_hard	514200																1	
104	1101					ai_hard	414200																1	
105	3202; 3302; 3501					ai_hard	414200																1	
106	3303; 3401; 3303					ai_hard	414200																1	
107	3302; 3102; 3101; 3501					ai_hard	512200																1	
201	3001; 3002; 3001; 3002					ai_hard	414200																1	
202	3202; 3304; 3304; 3102					ai_hard	411200	3402	3														1	
203	3102; 3302; 3202; 3304					ai_hard	414200																1	
204	3304; 3202; 3501; 3302					ai_hard	514300																1	
205	3302; 3402; 3101; 3501					ai_hard	512200																1	
206	3304; 3301; 3102; 3201					ai_hard	514300	3102	3														1	
207	3304; 3001; 3102; 3501					ai_hard	514200	3304	3	3102	3	3304	3	3402	3								1	
208	3101; 3301; 3201; 3302					ai_hard	413200																1	
209	2301; 3501; 3201; 3101					ai_hard	412200																1	
210	3001; 3002; 3304; 3001					ai_hard	412200																1	
211	3202; 3301; 3501					ai_hard	313200	3304	0	3201	1	3102	2										1	
501	1301; 1103; 1501	311101; 311201; 311301; 311401; 311501; 312401; 312301; 312101; 312601; 312201; 312501; 312701; 322001; 321004; 321006; 332001; 332002; 332001; 332004; 332006; 332012; 332002; 332004; 332008; 332009; 333005; 332007; 332010; 332011; 332005				ai_easy_1																	0	
502	1301; 1103; 1401	311101; 311201; 311301; 311401; 311501; 312401; 312301; 312101; 312601; 312201; 312501; 312701; 322001; 321004; 321006; 332001; 332002; 332001; 332004; 332006; 332012; 332002; 332004; 332008; 332009; 333005; 332007; 332010; 332011; 332005				ai_easy_1																	0	
503	1401; 1103; 1501	311101; 311201; 311301; 311401; 311501; 312401; 312301; 312101; 312601; 312201; 312501; 312701; 322001; 321004; 321006; 332001; 332002; 332001; 332004; 332006; 332012; 332002; 332004; 332008; 332009; 333005; 332007; 332010; 332011; 332005				ai_easy_1																	0	
504	1301; 1401; 1501	311101; 311201; 311301; 311401; 311501; 312401; 312301; 312101; 312601; 312201; 312501; 312701; 322001; 321004; 321006; 332001; 332002; 332001; 332004; 332006; 332012; 332002; 332004; 332008; 332009; 333005; 332007; 332010; 332011; 332005				ai_easy_1																	0	
505	1103; 1301; 1501	311101; 311201; 311301; 311401; 311501; 312401; 312301; 312101; 312601; 312201; 312501; 312701; 322001; 321004; 321006; 332001; 332002; 332001; 332004; 332006; 332012; 332002; 332004; 332008; 332009; 333005; 332007; 332010; 332011; 332005				ai_easy_1																	0	
506	1103; 1301; 1401	311101; 311201; 311301; 311401; 311501; 312401; 312301; 312101; 312601; 312201; 312501; 312701; 322001; 321004; 321006; 332001; 332002; 332001; 332004; 332006; 332012; 332002; 332004; 332008; 332009; 333005; 332007; 332010; 332011; 332005				ai_easy_1																	0	
507	1401; 1501; 1103	311101; 311201; 311301; 311401; 311501; 312401; 312301; 312101; 312601; 312201; 312501; 312701; 322001; 321004; 321006; 332001; 332002; 332001; 332004; 332006; 332012; 332002; 332004; 332008; 332009; 333005; 332007; 332010; 332011; 332005				ai_easy_1																	0	
508	1501; 1401; 1301	311101; 311201; 311301; 311401; 311501; 312401; 312301; 312101; 312601; 312201; 312501; 312701; 322001; 321004; 321006; 332001; 332002; 332001; 332004; 332006; 332012; 332002; 332004; 332008; 332009; 333005; 332007; 332010; 332011; 332005				ai_easy_1																	0	
511	1301; 1103; 1501	311101; 311201; 311301; 311401; 311501; 312401; 312301; 312101; 312601; 312201; 312501; 312701; 322001; 321004; 321006; 332001; 332002; 332001; 332004; 332006; 332012; 332002; 332004; 332008; 332009; 333005; 332007; 332010; 332011; 332005				ai_easy_2																	0	
512	1301; 1103; 1401	311101; 311201; 311301; 311401; 311501; 312401; 312301; 312101; 312601; 312201; 312501; 312701; 322001; 321004; 321006; 332001; 332002; 332001; 332004; 332006; 332012; 332002; 332004; 332008; 332009; 333005; 332007; 332010; 332011; 332005				ai_easy_2																	0	
513	1401; 1103; 1501	311101; 311201; 311301; 311401; 311501; 312401; 312301; 312101; 312601; 312201; 312501; 312701; 322001; 321004; 321006; 332001; 332002; 332001; 332004; 332006; 332012; 332002; 332004; 332008; 332009; 333005; 332007; 332010; 332011; 332005				ai_easy_2																	0	
514	1301; 1401; 1501	311101; 311201; 311301; 311401; 311501; 312401; 312301; 312101; 312601; 312201; 312501; 312701; 322001; 321004; 321006; 332001; 332002; 332001; 332004; 332006; 332012; 332002; 332004; 332008; 332009; 333005; 332007; 332010; 332011; 332005				ai_easy_2																	0	
515	1103; 1301; 1501	311101; 311201; 311301; 311401; 311501; 312401; 312301; 312101; 312601; 312201; 312501; 312701; 322001; 321004; 321006; 332001; 332002; 332001; 332004; 332006; 332012; 332002; 332004; 332008; 332009; 333005; 332007; 332010; 332011; 332005				ai_easy_2																	0	
516	1103; 1301; 1401	311101; 311201; 311301; 311401; 311501; 312401; 312301; 312101; 312601; 312201; 312501; 312701; 322001; 321004; 321006; 332001; 332002; 332001; 332004; 332006; 332012; 332002; 332004; 332008; 332009; 333005; 332007; 332010; 332011; 332005				ai_easy_2																	0	
517	1401; 1501; 1103	311101; 311201; 311301; 311401; 311501; 312401; 312301; 312101; 312601; 312201; 312501; 312701; 322001; 321004; 321006; 332001; 332002; 332001; 332004; 332006; 332012; 332002; 332004; 332008; 332009; 333005; 332007; 332010; 332011; 332005				ai_easy_2																	0	
518	1501; 1401; 1301	311101; 311201; 311301; 311401; 311501; 312401; 312301; 312101; 312601; 312201; 312501; 312701; 322001; 321004; 321006; 332001; 332002; 332001; 332004; 332006; 332012; 332002; 332004; 332008; 332009; 333005; 332007; 332010; 332011; 332005				ai_easy_2																	0	
601	1301; 1103; 1104	311101; 311201; 311301; 311401; 311501; 312301; 312301; 312101; 312101; 312102; 312102; 311301; 322001; 321004; 321006; 332001; 332002; 332001; 332004; 332006; 332012; 332002; 332004; 332008; 332009; 333005; 332007; 331101; 331101; 332005				ai_easy_1																	0	
602	1301; 1102; 1401	311101; 311201; 311301; 311401; 311501; 312301; 312301; 312101; 312101; 312401; 312401; 311201; 322001; 321004; 321006; 332001; 332002; 332001; 332004; 332006; 332012; 332002; 332004; 332008; 332009; 333005; 332007; 332010; 332011; 332005				ai_easy_1																	0	
603	1401; 1303; 1501	311101; 311201; 311301; 311401; 311501; 312301; 312301; 312401; 312401; 312501; 312501; 311201; 322001; 321004; 321006; 332001; 332002; 332001; 332004; 332006; 332012; 332002; 332004; 332008; 332009; 333005; 332007; 332010; 332011; 332005				ai_easy_1																	0	
604	1301; 1201; 1501	311101; 311201; 311301; 311401; 311501; 312301; 312301; 312201; 312201; 312501; 312501; 311101; 322001; 321004; 321006; 332001; 332002; 332001; 332004; 332006; 332012; 332002; 332004; 332008; 332009; 333005; 332007; 332010; 332011; 332005				ai_easy_1																	0	
605	1202; 1103; 1501	311101; 311201; 311301; 311401; 311501; 312101; 312101; 312201; 312201; 312501; 312501; 311501; 322001; 321004; 321006; 332001; 332002; 332001; 332004; 332006; 332012; 332002; 332004; 332008; 332009; 333005; 332007; 332010; 332011; 332005				ai_easy_1																	0	
606	1103; 1602; 1401	311101; 311201; 311301; 311401; 311501; 312101; 312101; 312401; 312401; 312601; 312601; 311301; 322001; 321004; 321006; 332001; 332002; 332001; 332004; 332006; 332012; 332002; 332004; 332008; 332009; 333005; 332007; 332010; 332011; 332005				ai_easy_1																	0	
607	1103; 1301; 1601	311101; 311201; 311301; 311401; 311501; 312301; 312301; 312101; 312101; 312601; 312601; 311501; 322001; 321004; 321006; 332001; 332002; 332001; 332004; 332006; 332012; 332002; 332004; 332008; 332009; 333005; 332007; 332010; 332011; 332005				ai_easy_1																	0	
608	1401; 1301; 1502	311101; 311201; 311301; 311401; 311501; 312301; 312301; 312401; 312401; 312501; 312501; 311301; 322001; 321004; 321006; 332001; 332002; 332001; 332004; 332006; 332012; 332002; 332004; 332008; 332009; 333005; 332007; 332010; 332011; 332005				ai_easy_1																	0	
611	1301; 1103; 1104	311101; 311201; 311301; 311401; 311501; 312301; 312301; 312101; 312101; 312102; 312102; 311301; 322001; 321004; 321006; 332001; 332002; 332001; 332004; 332006; 332012; 332002; 332004; 332008; 332009; 333005; 332007; 331101; 331101; 332005				ai_easy_2																	0	
612	1301; 1102; 1401	311101; 311201; 311301; 311401; 311501; 312301; 312301; 312101; 312101; 312401; 312401; 311201; 322001; 321004; 321006; 332001; 332002; 332001; 332004; 332006; 332012; 332002; 332004; 332008; 332009; 333005; 332007; 332010; 332011; 332005				ai_easy_2																	0	
613	1401; 1303; 1501	311101; 311201; 311301; 311401; 311501; 312301; 312301; 312401; 312401; 312501; 312501; 311201; 322001; 321004; 321006; 332001; 332002; 332001; 332004; 332006; 332012; 332002; 332004; 332008; 332009; 333005; 332007; 332010; 332011; 332005				ai_easy_2																	0	
614	1301; 1201; 1501	311101; 311201; 311301; 311401; 311501; 312301; 312301; 312201; 312201; 312501; 312501; 311101; 322001; 321004; 321006; 332001; 332002; 332001; 332004; 332006; 332012; 332002; 332004; 332008; 332009; 333005; 332007; 332010; 332011; 332005				ai_easy_2																	0	
615	1202; 1103; 1501	311101; 311201; 311301; 311401; 311501; 312101; 312101; 312201; 312201; 312501; 312501; 311501; 322001; 321004; 321006; 332001; 332002; 332001; 332004; 332006; 332012; 332002; 332004; 332008; 332009; 333005; 332007; 332010; 332011; 332005				ai_easy_2																	0	
616	1103; 1602; 1401	311101; 311201; 311301; 311401; 311501; 312101; 312101; 312401; 312401; 312601; 312601; 311301; 322001; 321004; 321006; 332001; 332002; 332001; 332004; 332006; 332012; 332002; 332004; 332008; 332009; 333005; 332007; 332010; 332011; 332005				ai_easy_2																	0	
617	1103; 1301; 1601	311101; 311201; 311301; 311401; 311501; 312301; 312301; 312101; 312101; 312601; 312601; 311501; 322001; 321004; 321006; 332001; 332002; 332001; 332004; 332006; 332012; 332002; 332004; 332008; 332009; 333005; 332007; 332010; 332011; 332005				ai_easy_2																	0	
618	1401; 1301; 1502	311101; 311201; 311301; 311401; 311501; 312301; 312301; 312401; 312401; 312501; 312501; 311301; 322001; 321004; 321006; 332001; 332002; 332001; 332004; 332006; 332012; 332002; 332004; 332008; 332009; 333005; 332007; 332010; 332011; 332005				ai_easy_2																	0	
621	1301; 1103; 1104	311101; 311201; 311301; 311401; 311501; 312301; 312301; 312101; 312101; 312102; 312102; 311301; 322001; 321004; 321006; 332001; 332002; 332001; 332004; 332006; 332012; 332002; 332004; 332008; 332009; 333005; 332007; 331101; 331101; 332005				ai_easy_3																	0	
622	1301; 1102; 1401	311101; 311201; 311301; 311401; 311501; 312301; 312301; 312101; 312101; 312401; 312401; 311201; 322001; 321004; 321006; 332001; 332002; 332001; 332004; 332006; 332012; 332002; 332004; 332008; 332009; 333005; 332007; 332010; 332011; 332005				ai_easy_3																	0	
623	1401; 1303; 1501	311101; 311201; 311301; 311401; 311501; 312301; 312301; 312401; 312401; 312501; 312501; 311201; 322001; 321004; 321006; 332001; 332002; 332001; 332004; 332006; 332012; 332002; 332004; 332008; 332009; 333005; 332007; 332010; 332011; 332005				ai_easy_3																	0	
624	1301; 1201; 1501	311101; 311201; 311301; 311401; 311501; 312301; 312301; 312201; 312201; 312501; 312501; 311101; 322001; 321004; 321006; 332001; 332002; 332001; 332004; 332006; 332012; 332002; 332004; 332008; 332009; 333005; 332007; 332010; 332011; 332005				ai_easy_3																	0	
625	1202; 1103; 1501	311101; 311201; 311301; 311401; 311501; 312101; 312101; 312201; 312201; 312501; 312501; 311501; 322001; 321004; 321006; 332001; 332002; 332001; 332004; 332006; 332012; 332002; 332004; 332008; 332009; 333005; 332007; 332010; 332011; 332005				ai_easy_3																	0	
626	1103; 1602; 1401	311101; 311201; 311301; 311401; 311501; 312101; 312101; 312401; 312401; 312601; 312601; 311301; 322001; 321004; 321006; 332001; 332002; 332001; 332004; 332006; 332012; 332002; 332004; 332008; 332009; 333005; 332007; 332010; 332011; 332005				ai_easy_3																	0	
627	1103; 1301; 1601	311101; 311201; 311301; 311401; 311501; 312301; 312301; 312101; 312101; 312601; 312601; 311501; 322001; 321004; 321006; 332001; 332002; 332001; 332004; 332006; 332012; 332002; 332004; 332008; 332009; 333005; 332007; 332010; 332011; 332005				ai_easy_3																	0	
628	1401; 1301; 1502	311101; 311201; 311301; 311401; 311501; 312301; 312301; 312401; 312401; 312501; 312501; 311301; 322001; 321004; 321006; 332001; 332002; 332001; 332004; 332006; 332012; 332002; 332004; 332008; 332009; 333005; 332007; 332010; 332011; 332005				ai_easy_3																	0	
701	1301; 1305; 1105	311201; 311201; 311301; 311301; 311501; 311501; 312301; 312301; 312101; 312101; 312302; 312302; 322001; 321004; 321006; 332001; 332002; 332001; 332004; 332006; 332012; 332002; 332004; 332008; 332009; 333005; 332007; 331301; 331301; 332005				ai_easy_2																	0	
702	1404; 1301; 2601	311403; 311302; 311301; 311301; 311401; 311401; 312301; 312301; 312401; 312401; 312601; 312601; 322001; 321004; 321006; 332001; 332002; 332001; 332004; 332006; 332012; 332002; 332004; 332008; 332009; 333005; 332007; 332010; 332011; 332005				ai_easy_2																	0	
703	1101; 1103; 1302	311201; 311201; 311401; 311501; 311401; 311501; 312301; 312301; 312101; 312101; 312102; 312102; 322001; 321004; 321006; 332001; 332002; 332001; 332004; 332006; 332012; 332002; 332004; 332008; 332009; 333005; 332007; 331101; 331101; 332005				ai_easy_2																	0	
704	1103; 1402; 1303	311301; 311502; 311301; 311502; 311501; 311501; 312301; 312301; 312101; 312101; 312401; 312401; 322001; 321004; 321006; 332001; 332002; 332001; 332004; 332006; 332012; 332002; 332004; 332008; 332009; 333005; 332007; 332010; 332011; 332005				ai_easy_2																	0	
705	1701; 1203; 1401	311101; 311201; 311101; 311201; 311202; 311202; 312401; 312401; 312201; 312201; 312701; 312701; 322001; 321004; 321006; 332001; 332002; 332001; 332004; 332006; 332012; 332002; 332004; 332008; 332009; 333005; 332007; 332010; 332011; 332005				ai_easy_2																	0	
706	1403; 1401; 1202	311201; 311201; 311503; 311501; 311503; 311501; 312401; 312401; 312402; 312402; 312201; 312201; 322001; 321004; 321006; 332001; 332002; 332001; 332004; 332006; 332012; 332002; 332004; 332008; 332009; 333005; 332007; 331401; 331401; 332005				ai_easy_2																	0	
707	1402; 1501; 1202	311101; 311101; 311301; 311301; 311501; 311501; 312401; 312401; 312501; 312501; 312201; 312201; 322001; 321004; 321006; 332001; 332002; 332001; 332004; 332006; 332012; 332002; 332004; 332008; 332009; 333005; 332007; 332010; 332011; 332005				ai_easy_2																	0	
708	1105; 1302; 1501	311101; 311101; 311401; 311501; 311401; 311501; 312301; 312301; 312101; 312101; 312501; 312501; 322001; 321004; 321006; 332001; 332002; 332001; 332004; 332006; 332012; 332002; 332004; 332008; 332009; 333005; 332007; 332010; 332011; 332005				ai_easy_2																	0	
711	1301; 1305; 1105	311201; 311201; 311301; 311301; 311501; 311501; 312301; 312301; 312101; 312101; 312302; 312302; 322001; 321004; 321006; 332001; 332002; 332001; 332004; 332006; 332012; 332002; 332004; 332008; 332009; 333005; 332007; 331301; 331301; 332005				ai_easy_3																	0	
712	1404; 1301; 2601	311403; 311302; 311301; 311301; 311401; 311401; 312301; 312301; 312401; 312401; 312601; 312601; 322001; 321004; 321006; 332001; 332002; 332001; 332004; 332006; 332012; 332002; 332004; 332008; 332009; 333005; 332007; 332010; 332011; 332005				ai_easy_3																	0	
713	1101; 1103; 1302	311201; 311201; 311401; 311501; 311401; 311501; 312301; 312301; 312101; 312101; 312102; 312102; 322001; 321004; 321006; 332001; 332002; 332001; 332004; 332006; 332012; 332002; 332004; 332008; 332009; 333005; 332007; 331101; 331101; 332005				ai_easy_3																	0	
714	1103; 1402; 1303	311301; 311502; 311301; 311502; 311501; 311501; 312301; 312301; 312101; 312101; 312401; 312401; 322001; 321004; 321006; 332001; 332002; 332001; 332004; 332006; 332012; 332002; 332004; 332008; 332009; 333005; 332007; 332010; 332011; 332005				ai_easy_3																	0	
715	1701; 1203; 1401	311101; 311201; 311101; 311201; 311202; 311202; 312401; 312401; 312201; 312201; 312701; 312701; 322001; 321004; 321006; 332001; 332002; 332001; 332004; 332006; 332012; 332002; 332004; 332008; 332009; 333005; 332007; 332010; 332011; 332005				ai_easy_3																	0	
716	1403; 1401; 1202	311201; 311201; 311503; 311501; 311503; 311501; 312401; 312401; 312402; 312402; 312201; 312201; 322001; 321004; 321006; 332001; 332002; 332001; 332004; 332006; 332012; 332002; 332004; 332008; 332009; 333005; 332007; 331401; 331401; 332005				ai_easy_3																	0	
717	1402; 1501; 1202	311101; 311101; 311301; 311301; 311501; 311501; 312401; 312401; 312501; 312501; 312201; 312201; 322001; 321004; 321006; 332001; 332002; 332001; 332004; 332006; 332012; 332002; 332004; 332008; 332009; 333005; 332007; 332010; 332011; 332005				ai_easy_3																	0	
718	1105; 1302; 1501	311101; 311101; 311401; 311501; 311401; 311501; 312301; 312301; 312101; 312101; 312501; 312501; 322001; 321004; 321006; 332001; 332002; 332001; 332004; 332006; 332012; 332002; 332004; 332008; 332009; 333005; 332007; 332010; 332011; 332005				ai_easy_3																	0	
1001	1301; 1103; 1203	312101; 312101; 312301; 312301; 311302; 311302; 322010; 322010; 332005; 332001; 332001; 213011; 213011; 211031; 211031; 332008; 332008; 333007; 333007; 332004; 332004; 322008; 322008; 322007; 322007; 322001; 322001; 333003; 333006; 333006				ai_hard														2;0;1			0	
1002	2201; 1302; 2501	312201; 312201; 312301; 312301; 312002; 312002; 322003; 322003; 312101; 213021; 213021; 222011; 222011; 225011; 225011; 332008; 332008; 332009; 332011; 322006; 322006; 321001; 321004; 321005; 321005; 321006; 321006; 322011; 322001; 332012				ai_hard														2;0;1			0	
1003	1301; 1101; 2201	312101; 312101; 312201; 312201; 312301; 312301; 213011; 213011; 211011; 211011; 222011; 311302; 311302; 311203; 311203; 332001; 332001; 332008; 332008; 332009; 332009; 332012; 322007; 322007; 332003; 332003; 321001; 321001; 322001; 322001				ai_hard																	0	
1004	2601; 2301; 1202	223011; 223011; 226011; 226011; 332013; 332013; 312301; 312301; 312601; 312601; 323001; 323001; 323002; 332001; 332001; 332002; 332002; 332009; 332008; 332008; 332005; 332005; 333004; 333004; 333001; 333001; 333002; 333002; 332006; 332006				ai_hard																	0	
1005	1301; 1101; 2201	312101; 312101; 312201; 312201; 312301; 312301; 213011; 213011; 211011; 211011; 222011; 311302; 311302; 311203; 311203; 332001; 332001; 332008; 332008; 332009; 332009; 332012; 322007; 322007; 332003; 332003; 321001; 321001; 322001; 322001				ai_hard																	0	
1401	1403; 1402; 1302	312401; 312401; 312402; 312402; 331401; 331401; 331402; 331402; 214021; 214021; 214031; 214031; 332008; 332009; 332008; 332009; 322011; 322012; 322011; 322012; 312003; 312003; 311302; 311302; 321002; 321002; 332004; 332004; 322001; 322002				ai_hard														2;0;1			0	
1402	1404; 1402; 1202	323002; 322005; 214021; 214021; 212021; 212021; 311403; 311403; 311303; 311303; 312401; 312401; 312002; 312002; 332005; 333003; 331401; 331401; 331402; 331402; 332008; 332008; 332009; 333008; 333008; 333004; 333004; 333006; 322004; 322004				ai_hard														2;0;1			0	
2001	1404; 1601; 1202	322003; 321001; 321001; 312201; 212021; 212021; 311403; 311403; 311102; 311102; 312401; 312401; 312002; 312002; 322001; 322001; 322006; 322006; 321005; 321005; 332008; 332008; 332009; 321006; 321006; 333004; 333004; 333006; 322004; 322004				ai_hard														2;0;1			0	
2002	1701; 1303; 1201	217011; 217011; 212011; 212011; 322011; 322011; 312701; 312701; 312201; 312201; 312301; 312301; 322003; 322003; 322012; 322012; 332005; 332005; 332008; 332008; 321002; 321002; 322007; 322007; 332006; 332006; 321005; 321005; 322001; 322001				ai_hard														2;0;1			0	
2003	1701; 1303; 1401	217011; 217011; 213031; 213031; 214011; 214011; 312701; 312701; 312401; 312401; 312301; 312301; 322003; 322003; 332002; 332002; 332005; 332005; 332008; 332008; 321002; 321002; 333006; 333006; 332006; 332006; 311202; 311202; 322001; 322001				ai_hard														2;0;1			0	
2601	1102; 1602; 1601	312601; 312601; 312602; 312602; 321005; 321005; 321006; 321006; 323002; 323002; 333005; 333005; 333006; 333006; 333007; 333007; 333003; 333003; 331601; 331601; 331602; 331602; 211021; 211021; 216021; 216021; 332004; 332004; 312002; 312002				ai_hard														2;0;1			0	
2602	2601; 1602; 2201	222011; 222011; 226011; 226011; 216021; 312602; 312601; 312601; 312003; 312003; 312201; 312201; 331601; 331601; 332015; 332015; 332012; 332012; 332008; 332008; 321002; 321002; 321001; 321001; 321005; 321005; 321006; 321006; 322006; 322006				ai_hard														2;0;1			0	
11001	3002; 3001; 3002					ai_easy_1	612400																1	
11002	3102; 3302; 3406					ai_easy_1	413200																1	
11003	3302; 3302					ai_easy_1	413200																1	
11004	3102; 3002; 3402; 3102					ai_easy_1	413200																1	
11005	1102; 1502; 2201	311101; 311201; 311301; 311401; 311501; 312401; 312301; 312101; 312601; 312201; 312501; 312701; 321004; 321004; 321006; 332001; 332002; 333006; 332004; 332006; 332012; 332013; 321006; 332008; 332009; 333005; 332007; 332010; 332011; 332005				ai_easy_1																	0	
11101	3204; 3204; 3501					ai_easy_1	413200	3402	2	3402	2												1	
11102	3102; 3101; 3302					ai_easy_1	400200																1	
11104	3501; 3302; 3703					ai_easy_1	422200																1	
11105	1401; 1303; 1203	311201; 311201; 311301; 311401; 311501; 312401; 312301; 312401; 312301; 312201; 312201; 312101; 321004; 321004; 321006; 332001; 332002; 333006; 332004; 332006; 332012; 332013; 321006; 332008; 332009; 333005; 332007; 332010; 332011; 332005				ai_easy_1																	0	
11106	3302; 3101; 3302					ai_easy_1	413200																1	
20001	3402; 3202; 3102					ai_hard	413200	3402	2	3101	2												1	
12001	3703; 3301; 3402					ai_easy_2	413200																1	
12002	4302; 3203					ai_easy_2	412222																1	
12003	4302; 3502					ai_easy_2	412222																1	
12004	3501; 3103; 3406					ai_easy_2	413200																1	
12005	1601; 1101; 1403	311101; 311201; 311101; 311201; 311501; 312401; 311501; 312101; 312601; 312401; 312101; 312601; 321001; 321001; 321005; 332001; 332002; 333006; 332004; 332006; 332012; 332013; 321005; 332008; 332009; 333001; 332007; 332010; 332011; 332005				ai_easy_2																	0	
12103	3103; 3301					ai_easy_2	512200																1	
12104	4302; 4204					ai_easy_2	413400																1	
12105	3204; 3703; 3402					ai_easy_2	512200	3204	2	3501	2	3102	2										1	
12106	3403; 3102; 3302					ai_easy_2	512200																1	
12107	2601; 1602; 1202	311101; 311301; 311301; 311501; 311501; 312602; 312602; 312601; 312601; 312201; 312201; 312501; 321001; 321001; 321005; 332001; 332002; 333006; 332004; 332006; 332012; 332013; 321005; 332008; 332009; 333001; 332007; 332010; 332011; 332005				ai_easy_2																	0	
20002	3304; 3103; 3403					ai_hard	413200																1	
13001	3204; 3402; 3201; 3402					ai_easy_3	411222																1	
13002	4302; 3502; 3203					ai_easy_3	413200																1	
13003	3405; 3003; 3305; 3405					ai_easy_3	412222																1	
13004	3401; 3303					ai_easy_3	412222																1	
13005	1105; 1305; 1202	211051; 312301; 312201; 312001; 322003; 311502; 311501; 311503; 311201; 322004; 323001; 322010; 333001; 333004; 333008; 211051; 312301; 312201; 312001; 322003; 311502; 311501; 311503; 311201; 322004; 323001; 322010; 333001; 333004; 333008				ai_easy_3																	0	
13101	3305; 3405					ai_easy_3	400200	3303	0	3401	1												1	
13102	3204; 3102; 3204; 3403					ai_easy_3	413200	3406	3	3204	3	3406	3										1	
13103	3201; 3301; 3103					ai_easy_3	424200																1	
13104	3502; 4204; 3203					ai_easy_3	613000																1	
13105	2501; 1305; 1401	312501; 312301; 312401; 312002; 322003; 311202; 311201; 322006; 321001; 321004; 321005; 321006; 333003; 332002; 332003; 312501; 312301; 312401; 312002; 322003; 311202; 311201; 322006; 321001; 321004; 321005; 321006; 333003; 332002; 332003				ai_easy_3																	0	
20003	3303; 3401; 3303					ai_hard	311200																1	
14001	3406; 3701; 3406; 3701					ai_easy_3	413200	3406	3	3406	3												1	
14002	3302; 4604; 3403					ai_hard	412222																1	
14003	4704		100			ai_easy_3	413200																1	
14004	3406; 3304; 3102; 3501					ai_easy_3	424200	3204	3	3402	3												1	
14005	1701; 1403; 1203	312701; 312401; 312201; 322003; 311502; 312004; 312005; 322007; 322009; 322008; 321002; 321003; 332003; 332004; 322002; 312701; 312401; 312201; 322003; 311502; 312004; 312005; 322007; 322009; 322008; 321002; 321003; 332003; 332004; 322002				ai_easy_3																	0	
14101	3102; 3501; 3406; 3304					ai_easy_3	436200	3402	3	3202	3	3204	3										1	
14102	3204; 3701; 3406; 3302					ai_easy_3	414212																1	
14103	3301; 3101; 3201; 3103					ai_easy_3	413200																1	
14104	3502; 4302					ai_easy_3	413200	4204	0	3203	1												1	
14105	2701; 1305; 1202	312701; 312301; 312201; 322003; 311502; 311201; 333003; 333002; 332004; 332002; 332005; 322005; 323002; 333005; 333007; 312701; 312301; 312201; 322003; 311502; 311201; 333003; 333002; 332004; 332002; 332005; 322005; 323002; 333005; 333007				ai_easy_3																	0	
14201	3403; 3701; 3302					ai_hard	413200																1	
14202	5301; 5201					ai_hard	413200																1	
14203	3406; 3102; 3302; 3202					ai_hard	413200																1	
14204	3204; 3406; 3204; 3406					ai_hard	400200	3204	3	3406	3												1	
14205	1404; 1402; 1701	331401; 331402; 312401; 312402; 214041; 214021; 217011; 311302; 311403; 311401; 322004; 322011; 332008; 332009; 312003; 331401; 331402; 312401; 312402; 214041; 214021; 217011; 311302; 311403; 311401; 322004; 322011; 332008; 332009; 312003				ai_hard																	0	
14206	1401; 1402; 1701	331401; 331402; 312401; 312402; 214011; 214021; 217011; 311302; 311202; 311201; 322004; 322011; 332008; 332009; 312003; 331401; 331402; 312401; 312402; 214011; 214021; 217011; 311302; 311202; 311201; 322004; 322011; 332008; 332009; 312003				ai_hard																	0	
20004	3002; 3001					ai_hard	311200	3301	0	3405	0	3305	1	3701	0	3701	1						1	
11203	1303; 2601; 1201	213031; 226011; 212011; 322002; 321002; 321004; 321006; 322007; 322010; 312301; 312601; 311502; 332005; 332006; 332003; 213031; 226011; 212011; 322002; 321002; 321004; 321006; 322007; 322010; 312301; 312601; 311502; 332005; 332006; 332003				ai_hard																	0	
12202	2201; 1302; 1401	222011; 213021; 214011; 322002; 321001; 321003; 321005; 322011; 322009; 312301; 312201; 312005; 333006; 333007; 332012; 222011; 213021; 214011; 322002; 321001; 321003; 321005; 322011; 322009; 312301; 312201; 312005; 333006; 333007; 332012				ai_hard																	0	
13201	2202; 1203; 1303	222021; 212031; 213031; 331201; 331202; 312002; 322003; 322008; 312301; 312201; 312202; 332005; 332008; 332013; 332003; 222021; 212031; 213031; 331201; 331202; 312002; 322003; 322008; 312301; 312201; 312202; 332005; 332008; 332013; 332003				ai_hard																	0	
14301	2301; 1301; 1402	223011; 213011; 214021; 331301; 331302; 311301; 311302; 311303; 322004; 312301; 312302; 332005; 333001; 333004; 333003; 223011; 213011; 214021; 331301; 331302; 311301; 311302; 311303; 322004; 312301; 312302; 332005; 333001; 333004; 333003				ai_hard																	0	
14302	1302; 2501; 1502	213021; 225011; 215021; 331501; 331502; 311503; 312501; 312502; 321004; 322002; 332002; 332006; 333006; 333007; 332003; 213021; 225011; 215021; 331501; 331502; 311503; 312501; 312502; 321004; 322002; 332002; 332006; 333006; 333007; 332003				ai_hard																	0	
14303	1701; 2701; 1401	217011; 227011; 214011; 331701; 331702; 311202; 312701; 312702; 332003; 312002; 333003; 332002; 332004; 332008; 322008; 217011; 227011; 214011; 331701; 331702; 311202; 312701; 312702; 332003; 312002; 333003; 332002; 332004; 332008; 322008				ai_hard																	0	
30001	1301; 1103					ai_easy_1																	1	
30002	1301; 1103					ai_easy_1																	1	
30004	1301; 1103	332001;311401;311301;311201;311101;321006;333005				ai_easy_1																	1	
30005	1301; 1103	312301;311301;321006;333005;332001;332001;312101;311501;312101;311501;312301;311301;321006;333005				ai_easy_1																	1	
30101	3001; 3302					ai_easy_1	411200																1	
30102	3302					ai_easy_1	411200																1	
30104	3304					ai_easy_1	313200																1	
30105	4601					ai_easy_1	211100																1	
30111	1501; 1301; 1103	311101; 311201; 311301; 311401; 311501; 312401; 312301; 312101; 312601; 312201; 312501; 312701; 321004; 321004; 321006; 332001; 332002; 333006; 332004; 332006; 332012; 332013; 321006; 332008; 332009; 333005; 332007; 332010; 332011; 332005				ai_easy_1																	0	
30112	1401; 1303; 1103	311101; 311201; 311301; 311401; 311501; 312401; 312301; 312101; 312601; 312201; 312501; 312701; 321004; 321004; 321006; 332001; 332002; 333006; 332004; 332006; 332012; 332013; 321006; 332008; 332009; 333005; 332007; 332010; 332011; 332005				ai_easy_1																	0	
40001	2601; 1301; 1402	226011; 213011; 214021; 312601; 312301; 312401; 311301; 311302; 311303; 322004; 332005; 323001; 322010; 333001; 333004; 226011; 213011; 214021; 312601; 312301; 312401; 311301; 311302; 311303; 322004; 332005; 323001; 322010; 333001; 333004				ai_hard														2;0;1	1	1	0	
40002	2301; 2501; 1203	223011; 225011; 312301; 312501; 312201; 312002; 312006; 322003; 322011; 322012; 332008; 332009; 312003; 322008; 322007; 223011; 225011; 312301; 312501; 312201; 312002; 312006; 322003; 322011; 322012; 332008; 332009; 312003; 322008; 322007				ai_hard														2;0;1	1	1	0	
40003	2201; 2202; 1302	222011; 222021; 213021; 312301; 312201; 312202; 322006; 321001; 321004; 321005; 321006; 321002; 332004; 331201; 331202; 222011; 222021; 213021; 312301; 312201; 312202; 322006; 321001; 321004; 321005; 321006; 321002; 332004; 331201; 331202				ai_hard														2;0;1	1	1	0	
40004	2701; 1701; 1403	227011; 217011; 312401; 312701; 312702; 322005; 323002; 333005; 333007; 333006; 333003; 312006; 322011; 331701; 322012; 227011; 217011; 312401; 312701; 312702; 322005; 323002; 333005; 333007; 333006; 333003; 312006; 322011; 331701; 322012				ai_hard														2;0;1	1	1	0	
40005	1105; 1305; 1401	211051; 213051; 312301; 312401; 312101; 311502; 311202; 311201; 322004; 322003; 312001; 321002; 332004; 332005; 333001; 211051; 213051; 312301; 312401; 312101; 311502; 311202; 311201; 322004; 322003; 312001; 321002; 332004; 332005; 333001				ai_hard														2;0;1	1	1	0	
110101	1101; 1102; 1403	211011; 312101; 311203; 311202; 312004; 331101; 331102; 332004; 332002; 332005; 321002; 321003; 332001; 332003; 322008; 211011; 312101; 311203; 311202; 312004; 331101; 331102; 332004; 332002; 332005; 321002; 321003; 332001; 332003; 322008				ai_easy_2														2;0;1	1;0;0		0	
110201	1102; 1601; 1303	211021; 312101; 311202; 312002; 312005; 322006; 321001; 321004; 322010; 323001; 321002; 332003; 333007; 333006; 332004; 211021; 312101; 311202; 312002; 312005; 322006; 321001; 321004; 322010; 323001; 321002; 332003; 333007; 333006; 332004				ai_easy_2														2;1;1	1;0;0		0	
110301	1103; 1303; 1203	211031; 312101; 311502; 311501; 312005; 321002; 322008; 321004; 321006; 322007; 322009; 332008; 332004; 333006; 333005; 211031; 312101; 311502; 311501; 312005; 321002; 322008; 321004; 321006; 322007; 322009; 332008; 332004; 333006; 333005				ai_easy_2														2;1;1	1;0;0		0	
110401	1104; 1402; 1602	211041; 312101; 311302; 311301; 311303; 322004; 312005; 323001; 322010; 333001; 333004; 333008; 312001; 332004; 332008; 211041; 312101; 311302; 311301; 311303; 322004; 312005; 323001; 322010; 333001; 333004; 333008; 312001; 332004; 332008				ai_easy_2														2;1;1	1;0;0		0	
110501	1105; 1104; 1202	211051; 312101; 312102; 331101; 331102; 311502; 311501; 311503; 322004; 322011; 322012; 332008; 332009; 332004; 333002; 211051; 312101; 312102; 331101; 331102; 311502; 311501; 311503; 322004; 322011; 322012; 332008; 332009; 332004; 333002				ai_easy_2														2;0;1	1;0;0		0	
120101	1201; 1203; 1103	212011; 312201; 312202; 331201; 331202; 322006; 321001; 321004; 322010; 323001; 322007; 322009; 321002; 332004; 332008; 212011; 312201; 312202; 331201; 331202; 322006; 321001; 321004; 322010; 323001; 322007; 322009; 321002; 332004; 332008				ai_easy_2														2;0;1	1;0;0		0	
120201	1202; 1104; 1302	212021; 312201; 312002; 312005; 322005; 323002; 333005; 333007; 333006; 333003; 333002; 332004; 332002; 332005; 332008; 212021; 312201; 312002; 312005; 322005; 323002; 333005; 333007; 333006; 333003; 333002; 332004; 332002; 332005; 332008				ai_easy_2														2;1;1	1;0;0		0	
120301	1203; 1401; 1303	212031; 312201; 312301; 312401; 322003; 311102; 322007; 322009; 321001; 332004; 332008; 333003; 333002; 332002; 332005; 212031; 312201; 312301; 312401; 322003; 311102; 322007; 322009; 321001; 332004; 332008; 333003; 333002; 332002; 332005				ai_easy_2														2;1;1	1;0;0		0	
130101	1301; 1302; 1402	213011; 312301; 312302; 331301; 331302; 311302; 311303; 323001; 322010; 333001; 322007; 332001; 321002; 332004; 332008; 213011; 312301; 312302; 331301; 331302; 311302; 311303; 323001; 322010; 333001; 322007; 332001; 321002; 332004; 332008				ai_easy_2														2;0;1	1;0;0		0	
130201	1302; 1202; 1403	213021; 312301; 311402; 312002; 312005; 322005; 323002; 333005; 333007; 333006; 322007; 322009; 321001; 332004; 332008; 213021; 312301; 311402; 312002; 312005; 322005; 323002; 333005; 333007; 333006; 322007; 322009; 321001; 332004; 332008				ai_easy_2														2;1;1	1;0;0		0	
130301	1303; 1402; 1201	213031; 312301; 312401; 312201; 322003; 311502; 333003; 333002; 332004; 332002; 332005; 332001; 321002; 332008; 332009; 213031; 312301; 312401; 312201; 322003; 311502; 333003; 333002; 332004; 332002; 332005; 332001; 321002; 332008; 332009				ai_easy_2														2;1;1	1;0;0		0	
130501	1305; 1303; 1104	213051; 312301; 312302; 331301; 331302; 311202; 323001; 322010; 333001; 333004; 333008; 312001; 333003; 332004; 332005; 213051; 312301; 312302; 331301; 331302; 311202; 323001; 322010; 333001; 333004; 333008; 312001; 333003; 332004; 332005				ai_easy_2														2;0;1	1;0;0		0	
140101	1401; 1302; 1102	214011; 312401; 311202; 311201; 312005; 322011; 322012; 332008; 332009; 312003; 312006; 322008; 321002; 322007; 322010; 214011; 312401; 311202; 311201; 312005; 322011; 322012; 332008; 332009; 312003; 312006; 322008; 321002; 322007; 322010				ai_easy_2														2;1;1	1;0;0		0	
140201	1402; 1401; 1104	214021; 312401; 312402; 331402; 331401; 311301; 311302; 311303; 322004; 323001; 322010; 333001; 333004; 333008; 312001; 214021; 312401; 312402; 331402; 331401; 311301; 311302; 311303; 322004; 323001; 322010; 333001; 333004; 333008; 312001				ai_easy_2														2;0;1	1;0;0		0	
140301	1403; 1101; 1302	214031; 312401; 312101; 312301; 322003; 311502; 322005; 323002; 333005; 333007; 333006; 321001; 321003; 332003; 333003; 214031; 312401; 312101; 312301; 322003; 311502; 322005; 323002; 333005; 333007; 333006; 321001; 321003; 332003; 333003				ai_easy_2														2;1;1	1;0;0		0	
140401	1404; 1402; 1202	214041; 312401; 311403; 311401; 311302; 322004; 323001; 322010; 333001; 333004; 333008; 312001; 322011; 322012; 332008; 214041; 312401; 311403; 311401; 311302; 322004; 323001; 322010; 333001; 333004; 333008; 312001; 322011; 322012; 332008				ai_easy_2														2;0;1	1;0;0		0	
150101	1501; 1302; 1203	215011; 312501; 311102; 311101; 312005; 312301; 312201; 322003; 321002; 321003; 332001; 332003; 322008; 322007; 322009; 215011; 312501; 311102; 311101; 312005; 312301; 312201; 322003; 321002; 321003; 332001; 332003; 322008; 322007; 322009				ai_easy_2														2;1;1	1;0;0		0	
150201	1502; 1201; 1103	215021; 312501; 312502; 321004; 311502; 311503; 322011; 322012; 332008; 332009; 312003; 312006; 321002; 323001; 332004; 215021; 312501; 312502; 321004; 311502; 311503; 322011; 322012; 332008; 332009; 312003; 312006; 321002; 323001; 332004				ai_easy_2														2;1;1	1;0;0		0	
160101	1601; 1403; 1101	216011; 312601; 311103; 311102; 312005; 322006; 321001; 321004; 322010; 323001; 321003; 322011; 322012; 332008; 312003; 216011; 312601; 311103; 311102; 312005; 322006; 321001; 321004; 322010; 323001; 321003; 322011; 322012; 332008; 312003				ai_easy_2														2;1;1	1;0;0		0	
160201	1602; 1601; 1202	216021; 312601; 312602; 331601; 331602; 311303; 311301; 322006; 321001; 321004; 322010; 323001; 333001; 333004; 312001; 216021; 312601; 312602; 331601; 331602; 311303; 311301; 322006; 321001; 321004; 322010; 323001; 333001; 333004; 312001				ai_easy_2														2;0;1	1;0;0		0	
170101	1701; 1302; 1203	217011; 312701; 311202; 322005; 323002; 333005; 333007; 333006; 333003; 333002; 332004; 332002; 332005; 322011; 322012; 217011; 312701; 311202; 322005; 323002; 333005; 333007; 333006; 333003; 333002; 332004; 332002; 332005; 322011; 322012				ai_easy_2														2;1;1	1;0;0		0	
110102	1101; 1102; 1403	211011; 312101; 311203; 311202; 312004; 331101; 331102; 332004; 332002; 332005; 321002; 321003; 332001; 332003; 322008; 211011; 312101; 311203; 311202; 312004; 331101; 331102; 332004; 332002; 332005; 321002; 321003; 332001; 332003; 322008				ai_easy_2														2;0;1	1;0;0		0	
110202	1102; 1601; 1303	211021; 312101; 311202; 312002; 312005; 322006; 321001; 321004; 322010; 323001; 321002; 332003; 333007; 333006; 332004; 211021; 312101; 311202; 312002; 312005; 322006; 321001; 321004; 322010; 323001; 321002; 332003; 333007; 333006; 332004				ai_easy_2														2;1;1	1;0;0		0	
110302	1103; 1303; 1203	211031; 312101; 311502; 311501; 312005; 321002; 322008; 321004; 321006; 322007; 322009; 332008; 332004; 333006; 333005; 211031; 312101; 311502; 311501; 312005; 321002; 322008; 321004; 321006; 322007; 322009; 332008; 332004; 333006; 333005				ai_easy_2														2;1;1	1;0;0		0	
110402	1104; 1402; 1602	211041; 312101; 311302; 311301; 311303; 322004; 312005; 323001; 322010; 333001; 333004; 333008; 312001; 332004; 332008; 211041; 312101; 311302; 311301; 311303; 322004; 312005; 323001; 322010; 333001; 333004; 333008; 312001; 332004; 332008				ai_easy_2														2;1;1	1;0;0		0	
110502	1105; 1104; 1202	211051; 312101; 312102; 331101; 331102; 311502; 311501; 311503; 322004; 322011; 322012; 332008; 332009; 332004; 333002; 211051; 312101; 312102; 331101; 331102; 311502; 311501; 311503; 322004; 322011; 322012; 332008; 332009; 332004; 333002				ai_easy_2														2;0;1	1;0;0		0	
120102	1201; 1203; 1103	212011; 312201; 312202; 331201; 331202; 322006; 321001; 321004; 322010; 323001; 322007; 322009; 321002; 332004; 332008; 212011; 312201; 312202; 331201; 331202; 322006; 321001; 321004; 322010; 323001; 322007; 322009; 321002; 332004; 332008				ai_easy_2														2;0;1	1;0;0		0	
120202	1202; 1104; 1302	212021; 312201; 312002; 312005; 322005; 323002; 333005; 333007; 333006; 333003; 333002; 332004; 332002; 332005; 332008; 212021; 312201; 312002; 312005; 322005; 323002; 333005; 333007; 333006; 333003; 333002; 332004; 332002; 332005; 332008				ai_easy_2														2;1;1	1;0;0		0	
120302	1203; 1401; 1303	212031; 312201; 312301; 312401; 322003; 311102; 322007; 322009; 321001; 332004; 332008; 333003; 333002; 332002; 332005; 212031; 312201; 312301; 312401; 322003; 311102; 322007; 322009; 321001; 332004; 332008; 333003; 333002; 332002; 332005				ai_easy_2														2;1;1	1;0;0		0	
130102	1301; 1302; 1402	213011; 312301; 312302; 331301; 331302; 311302; 311303; 323001; 322010; 333001; 322007; 332001; 321002; 332004; 332008; 213011; 312301; 312302; 331301; 331302; 311302; 311303; 323001; 322010; 333001; 322007; 332001; 321002; 332004; 332008				ai_easy_2														2;0;1	1;0;0		0	
130202	1302; 1202; 1403	213021; 312301; 311402; 312002; 312005; 322005; 323002; 333005; 333007; 333006; 322007; 322009; 321001; 332004; 332008; 213021; 312301; 311402; 312002; 312005; 322005; 323002; 333005; 333007; 333006; 322007; 322009; 321001; 332004; 332008				ai_easy_2														2;1;1	1;0;0		0	
130302	1303; 1402; 1201	213031; 312301; 312401; 312201; 322003; 311502; 333003; 333002; 332004; 332002; 332005; 332001; 321002; 332008; 332009; 213031; 312301; 312401; 312201; 322003; 311502; 333003; 333002; 332004; 332002; 332005; 332001; 321002; 332008; 332009				ai_easy_2														2;1;1	1;0;0		0	
130502	1305; 1303; 1104	213051; 312301; 312302; 331301; 331302; 311202; 323001; 322010; 333001; 333004; 333008; 312001; 333003; 332004; 332005; 213051; 312301; 312302; 331301; 331302; 311202; 323001; 322010; 333001; 333004; 333008; 312001; 333003; 332004; 332005				ai_easy_2														2;0;1	1;0;0		0	
140102	1401; 1302; 1102	214011; 312401; 311202; 311201; 312005; 322011; 322012; 332008; 332009; 312003; 312006; 322008; 321002; 322007; 322010; 214011; 312401; 311202; 311201; 312005; 322011; 322012; 332008; 332009; 312003; 312006; 322008; 321002; 322007; 322010				ai_easy_2														2;1;1	1;0;0		0	
140202	1402; 1401; 1104	214021; 312401; 312402; 331402; 331401; 311301; 311302; 311303; 322004; 323001; 322010; 333001; 333004; 333008; 312001; 214021; 312401; 312402; 331402; 331401; 311301; 311302; 311303; 322004; 323001; 322010; 333001; 333004; 333008; 312001				ai_easy_2														2;0;1	1;0;0		0	
140302	1403; 1101; 1302	214031; 312401; 312101; 312301; 322003; 311502; 322005; 323002; 333005; 333007; 333006; 321001; 321003; 332003; 333003; 214031; 312401; 312101; 312301; 322003; 311502; 322005; 323002; 333005; 333007; 333006; 321001; 321003; 332003; 333003				ai_easy_2														2;1;1	1;0;0		0	
140402	1404; 1402; 1202	214041; 312401; 311403; 311401; 311302; 322004; 323001; 322010; 333001; 333004; 333008; 312001; 322011; 322012; 332008; 214041; 312401; 311403; 311401; 311302; 322004; 323001; 322010; 333001; 333004; 333008; 312001; 322011; 322012; 332008				ai_easy_2														2;0;1	1;0;0		0	
150102	1501; 1302; 1203	215011; 312501; 311102; 311101; 312005; 312301; 312201; 322003; 321002; 321003; 332001; 332003; 322008; 322007; 322009; 215011; 312501; 311102; 311101; 312005; 312301; 312201; 322003; 321002; 321003; 332001; 332003; 322008; 322007; 322009				ai_easy_2														2;1;1	1;0;0		0	
150202	1502; 1201; 1103	215021; 312501; 312502; 321004; 311502; 311503; 322011; 322012; 332008; 332009; 312003; 312006; 321002; 323001; 332004; 215021; 312501; 312502; 321004; 311502; 311503; 322011; 322012; 332008; 332009; 312003; 312006; 321002; 323001; 332004				ai_easy_2														2;1;1	1;0;0		0	
160102	1601; 1403; 1101	216011; 312601; 311103; 311102; 312005; 322006; 321001; 321004; 322010; 323001; 321003; 322011; 322012; 332008; 312003; 216011; 312601; 311103; 311102; 312005; 322006; 321001; 321004; 322010; 323001; 321003; 322011; 322012; 332008; 312003				ai_easy_2														2;1;1	1;0;0		0	
160202	1602; 1601; 1202	216021; 312601; 312602; 331601; 331602; 311303; 311301; 322006; 321001; 321004; 322010; 323001; 333001; 333004; 312001; 216021; 312601; 312602; 331601; 331602; 311303; 311301; 322006; 321001; 321004; 322010; 323001; 333001; 333004; 312001				ai_easy_2														2;0;1	1;0;0		0	
170102	1701; 1302; 1203	217011; 312701; 311202; 322005; 323002; 333005; 333007; 333006; 333003; 333002; 332004; 332002; 332005; 322011; 322012; 217011; 312701; 311202; 322005; 323002; 333005; 333007; 333006; 333003; 333002; 332004; 332002; 332005; 322011; 322012				ai_easy_2														2;1;1	1;0;0		0	
110103	1101; 1102; 1403	211011; 312101; 311203; 311202; 312004; 331101; 331102; 332004; 332002; 332005; 321002; 321003; 332001; 332003; 322008; 211011; 312101; 311203; 311202; 312004; 331101; 331102; 332004; 332002; 332005; 321002; 321003; 332001; 332003; 322008				ai_easy_3														2;0;1	1;0;0		0	
110203	1102; 1601; 1303	211021; 312101; 311202; 312002; 312005; 322006; 321001; 321004; 322010; 323001; 321002; 332003; 333007; 333006; 332004; 211021; 312101; 311202; 312002; 312005; 322006; 321001; 321004; 322010; 323001; 321002; 332003; 333007; 333006; 332004				ai_easy_3														2;1;1	1;0;0		0	
110303	1103; 1303; 1203	211031; 312101; 311502; 311501; 312005; 321002; 322008; 321004; 321006; 322007; 322009; 332008; 332004; 333006; 333005; 211031; 312101; 311502; 311501; 312005; 321002; 322008; 321004; 321006; 322007; 322009; 332008; 332004; 333006; 333005				ai_easy_3														2;1;1	1;0;0		0	
110403	1104; 1402; 1602	211041; 312101; 311302; 311301; 311303; 322004; 312005; 323001; 322010; 333001; 333004; 333008; 312001; 332004; 332008; 211041; 312101; 311302; 311301; 311303; 322004; 312005; 323001; 322010; 333001; 333004; 333008; 312001; 332004; 332008				ai_easy_3														2;1;1	1;0;0		0	
110503	1105; 1104; 1202	211051; 312101; 312102; 331101; 331102; 311502; 311501; 311503; 322004; 322011; 322012; 332008; 332009; 332004; 333002; 211051; 312101; 312102; 331101; 331102; 311502; 311501; 311503; 322004; 322011; 322012; 332008; 332009; 332004; 333002				ai_easy_3														2;0;1	1;0;0		0	
120103	1201; 1203; 1103	212011; 312201; 312202; 331201; 331202; 322006; 321001; 321004; 322010; 323001; 322007; 322009; 321002; 332004; 332008; 212011; 312201; 312202; 331201; 331202; 322006; 321001; 321004; 322010; 323001; 322007; 322009; 321002; 332004; 332008				ai_easy_3														2;0;1	1;0;0		0	
120203	1202; 1104; 1302	212021; 312201; 312002; 312005; 322005; 323002; 333005; 333007; 333006; 333003; 333002; 332004; 332002; 332005; 332008; 212021; 312201; 312002; 312005; 322005; 323002; 333005; 333007; 333006; 333003; 333002; 332004; 332002; 332005; 332008				ai_easy_3														2;1;1	1;0;0		0	
120303	1203; 1401; 1303	212031; 312201; 312301; 312401; 322003; 311102; 322007; 322009; 321001; 332004; 332008; 333003; 333002; 332002; 332005; 212031; 312201; 312301; 312401; 322003; 311102; 322007; 322009; 321001; 332004; 332008; 333003; 333002; 332002; 332005				ai_easy_3														2;1;1	1;0;0		0	
130103	1301; 1302; 1402	213011; 312301; 312302; 331301; 331302; 311302; 311303; 323001; 322010; 333001; 322007; 332001; 321002; 332004; 332008; 213011; 312301; 312302; 331301; 331302; 311302; 311303; 323001; 322010; 333001; 322007; 332001; 321002; 332004; 332008				ai_easy_3														2;0;1	1;0;0		0	
130203	1302; 1202; 1403	213021; 312301; 311402; 312002; 312005; 322005; 323002; 333005; 333007; 333006; 322007; 322009; 321001; 332004; 332008; 213021; 312301; 311402; 312002; 312005; 322005; 323002; 333005; 333007; 333006; 322007; 322009; 321001; 332004; 332008				ai_easy_3														2;1;1	1;0;0		0	
130303	1303; 1402; 1201	213031; 312301; 312401; 312201; 322003; 311502; 333003; 333002; 332004; 332002; 332005; 332001; 321002; 332008; 332009; 213031; 312301; 312401; 312201; 322003; 311502; 333003; 333002; 332004; 332002; 332005; 332001; 321002; 332008; 332009				ai_easy_3														2;1;1	1;0;0		0	
130503	1305; 1303; 1104	213051; 312301; 312302; 331301; 331302; 311202; 323001; 322010; 333001; 333004; 333008; 312001; 333003; 332004; 332005; 213051; 312301; 312302; 331301; 331302; 311202; 323001; 322010; 333001; 333004; 333008; 312001; 333003; 332004; 332005				ai_easy_3														2;0;1	1;0;0		0	
140103	1401; 1302; 1102	214011; 312401; 311202; 311201; 312005; 322011; 322012; 332008; 332009; 312003; 312006; 322008; 321002; 322007; 322010; 214011; 312401; 311202; 311201; 312005; 322011; 322012; 332008; 332009; 312003; 312006; 322008; 321002; 322007; 322010				ai_easy_3														2;1;1	1;0;0		0	
140203	1402; 1401; 1104	214021; 312401; 312402; 331402; 331401; 311301; 311302; 311303; 322004; 323001; 322010; 333001; 333004; 333008; 312001; 214021; 312401; 312402; 331402; 331401; 311301; 311302; 311303; 322004; 323001; 322010; 333001; 333004; 333008; 312001				ai_easy_3														2;0;1	1;0;0		0	
140303	1403; 1101; 1302	214031; 312401; 312101; 312301; 322003; 311502; 322005; 323002; 333005; 333007; 333006; 321001; 321003; 332003; 333003; 214031; 312401; 312101; 312301; 322003; 311502; 322005; 323002; 333005; 333007; 333006; 321001; 321003; 332003; 333003				ai_easy_3														2;1;1	1;0;0		0	
140403	1404; 1402; 1202	214041; 312401; 311403; 311401; 311302; 322004; 323001; 322010; 333001; 333004; 333008; 312001; 322011; 322012; 332008; 214041; 312401; 311403; 311401; 311302; 322004; 323001; 322010; 333001; 333004; 333008; 312001; 322011; 322012; 332008				ai_easy_3														2;0;1	1;0;0		0	
150103	1501; 1302; 1203	215011; 312501; 311102; 311101; 312005; 312301; 312201; 322003; 321002; 321003; 332001; 332003; 322008; 322007; 322009; 215011; 312501; 311102; 311101; 312005; 312301; 312201; 322003; 321002; 321003; 332001; 332003; 322008; 322007; 322009				ai_easy_3														2;1;1	1;0;0		0	
150203	1502; 1201; 1103	215021; 312501; 312502; 321004; 311502; 311503; 322011; 322012; 332008; 332009; 312003; 312006; 321002; 323001; 332004; 215021; 312501; 312502; 321004; 311502; 311503; 322011; 322012; 332008; 332009; 312003; 312006; 321002; 323001; 332004				ai_easy_3														2;1;1	1;0;0		0	
160103	1601; 1403; 1101	216011; 312601; 311103; 311102; 312005; 322006; 321001; 321004; 322010; 323001; 321003; 322011; 322012; 332008; 312003; 216011; 312601; 311103; 311102; 312005; 322006; 321001; 321004; 322010; 323001; 321003; 322011; 322012; 332008; 312003				ai_easy_3														2;1;1	1;0;0		0	
160203	1602; 1601; 1202	216021; 312601; 312602; 331601; 331602; 311303; 311301; 322006; 321001; 321004; 322010; 323001; 333001; 333004; 312001; 216021; 312601; 312602; 331601; 331602; 311303; 311301; 322006; 321001; 321004; 322010; 323001; 333001; 333004; 312001				ai_easy_3														2;0;1	1;0;0		0	
170103	1701; 1302; 1203	217011; 312701; 311202; 322005; 323002; 333005; 333007; 333006; 333003; 333002; 332004; 332002; 332005; 322011; 322012; 217011; 312701; 311202; 322005; 323002; 333005; 333007; 333006; 333003; 333002; 332004; 332002; 332005; 322011; 322012				ai_easy_3														2;1;1	1;0;0		0	
110104	1101; 1102; 1403	211011; 312101; 311203; 311202; 312004; 331101; 331102; 332004; 332002; 332005; 321002; 321003; 332001; 332003; 322008; 211011; 312101; 311203; 311202; 312004; 331101; 331102; 332004; 332002; 332005; 321002; 321003; 332001; 332003; 322008	211011;0;0			ai_hard														2;0;1	1	1	0	
110204	1102; 1601; 1303	211021; 312101; 311202; 312002; 312005; 322006; 321001; 321004; 321005; 321006; 321002; 332003; 333007; 333006; 332004; 211021; 312101; 311202; 312002; 312005; 322006; 321001; 321004; 321005; 321006; 321002; 332003; 333007; 333006; 332004	211021;0;0			ai_hard														2;1;1	1	1	0	
110304	1103; 1303; 1203	211031; 312101; 311502; 311501; 312005; 321002; 322008; 321004; 321006; 322007; 322009; 332008; 332004; 333006; 333005; 211031; 312101; 311502; 311501; 312005; 321002; 322008; 321004; 321006; 322007; 322009; 332008; 332004; 333006; 333005	211031;0;0			ai_hard														2;1;1	1	1	0	
110404	1104; 1402; 1602	211041; 312101; 311302; 311301; 311303; 322004; 312005; 323001; 322010; 333001; 333004; 333008; 312001; 332004; 332008; 211041; 312101; 311302; 311301; 311303; 322004; 312005; 323001; 322010; 333001; 333004; 333008; 312001; 332004; 332008	211041;0;0			ai_hard														2;1;1	1	1	0	
110504	1105; 1104; 1202	211051; 312101; 312102; 331101; 331102; 311502; 311501; 311503; 322004; 322011; 322012; 332008; 332009; 332004; 333002; 211051; 312101; 312102; 331101; 331102; 311502; 311501; 311503; 322004; 322011; 322012; 332008; 332009; 332004; 333002	211051;0;0			ai_hard														2;0;1	1	1	0	
120104	1201; 1203; 1103	212011; 312201; 312202; 331201; 331202; 322006; 321001; 321004; 321005; 321006; 322007; 322009; 321002; 332004; 332008; 212011; 312201; 312202; 331201; 331202; 322006; 321001; 321004; 321005; 321006; 322007; 322009; 321002; 332004; 332008	212011;0;0			ai_hard														2;0;1	1	1	0	
120204	1202; 1104; 1302	212021; 312201; 312002; 312005; 322005; 323002; 333005; 333007; 333006; 333003; 333002; 332004; 332002; 332005; 332008; 212021; 312201; 312002; 312005; 322005; 323002; 333005; 333007; 333006; 333003; 333002; 332004; 332002; 332005; 332008	212021;0;0			ai_hard														2;1;1	1	1	0	
120304	1203; 1401; 1303	212031; 312201; 312301; 312401; 322003; 311102; 322007; 322009; 321001; 332004; 332008; 333003; 333002; 332002; 332005; 212031; 312201; 312301; 312401; 322003; 311102; 322007; 322009; 321001; 332004; 332008; 333003; 333002; 332002; 332005	212031;0;0			ai_hard														2;1;1	1	1	0	
130104	1301; 1302; 1402	213011; 312301; 312302; 331301; 331302; 311302; 311303; 323001; 322010; 333001; 322007; 332001; 321002; 332004; 332008; 213011; 312301; 312302; 331301; 331302; 311302; 311303; 323001; 322010; 333001; 322007; 332001; 321002; 332004; 332008	213011;0;0			ai_hard														2;0;1	1	1	0	
130204	1302; 1202; 1403	213021; 312301; 311402; 312002; 312005; 322005; 323002; 333005; 333007; 333006; 322007; 322009; 321001; 332004; 332008; 213021; 312301; 311402; 312002; 312005; 322005; 323002; 333005; 333007; 333006; 322007; 322009; 321001; 332004; 332008	213021;0;0			ai_hard														2;1;1	1	1	0	
130304	1303; 1402; 1201	213031; 312301; 312401; 312201; 322003; 311502; 333003; 333002; 332004; 332002; 332005; 332001; 321002; 332008; 332009; 213031; 312301; 312401; 312201; 322003; 311502; 333003; 333002; 332004; 332002; 332005; 332001; 321002; 332008; 332009	213031;0;0			ai_hard														2;1;1	1	1	0	
130504	1305; 1303; 1104	213051; 312301; 312302; 331301; 331302; 311202; 323001; 322010; 333001; 333004; 333008; 312001; 333003; 332004; 332005; 213051; 312301; 312302; 331301; 331302; 311202; 323001; 322010; 333001; 333004; 333008; 312001; 333003; 332004; 332005	213051;0;0			ai_hard														2;0;1	1	1	0	
140104	1401; 1302; 1102	214011; 312401; 311202; 311201; 312005; 322011; 322012; 332008; 332009; 312003; 312006; 322008; 321002; 322007; 322010; 214011; 312401; 311202; 311201; 312005; 322011; 322012; 332008; 332009; 312003; 312006; 322008; 321002; 322007; 322010	214011;0;0			ai_hard														2;1;1	1	1	0	
140204	1402; 1401; 1104	214021; 312401; 312402; 331402; 331401; 311301; 311302; 311303; 322004; 323001; 322010; 333001; 333004; 333008; 312001; 214021; 312401; 312402; 331402; 331401; 311301; 311302; 311303; 322004; 323001; 322010; 333001; 333004; 333008; 312001	214021;0;0			ai_hard														2;0;1	1	1	0	
140304	1403; 1101; 1302	214031; 312401; 312101; 312301; 322003; 311502; 322005; 323002; 333005; 333007; 333006; 321001; 321003; 332003; 333003; 214031; 312401; 312101; 312301; 322003; 311502; 322005; 323002; 333005; 333007; 333006; 321001; 321003; 332003; 333003	214031;0;0			ai_hard														2;1;1	1	1	0	
140404	1404; 1402; 1202	214041; 312401; 311403; 311401; 311302; 322004; 323001; 322010; 333001; 333004; 333008; 312001; 322011; 322012; 332008; 214041; 312401; 311403; 311401; 311302; 322004; 323001; 322010; 333001; 333004; 333008; 312001; 322011; 322012; 332008	214041;0;0			ai_hard														2;0;1	1	1	0	
150104	1501; 1302; 1203	215011; 312501; 311102; 311101; 312005; 312301; 312201; 322003; 321002; 321003; 332001; 332003; 322008; 322007; 322009; 215011; 312501; 311102; 311101; 312005; 312301; 312201; 322003; 321002; 321003; 332001; 332003; 322008; 322007; 322009	215011;0;0			ai_hard														2;1;1	1	1	0	
150204	1502; 1201; 1103	215021; 312501; 312502; 321004; 311502; 311503; 322011; 322012; 332008; 332009; 312003; 312006; 321002; 321006; 332004; 215021; 312501; 312502; 321004; 311502; 311503; 322011; 322012; 332008; 332009; 312003; 312006; 321002; 321006; 332004	215021;0;0			ai_hard														2;1;1	1	1	0	
160104	1601; 1403; 1101	216011; 312601; 311103; 311102; 312005; 322006; 321001; 321004; 321005; 321006; 321003; 322011; 322012; 332008; 312003; 216011; 312601; 311103; 311102; 312005; 322006; 321001; 321004; 321005; 321006; 321003; 322011; 322012; 332008; 312003	216011;0;0			ai_hard														2;1;1	1	1	0	
160204	1602; 1601; 1202	216021; 312601; 312602; 331601; 331602; 311303; 311301; 322006; 321001; 321004; 321005; 321006; 333001; 333004; 312001; 216021; 312601; 312602; 331601; 331602; 311303; 311301; 322006; 321001; 321004; 321005; 321006; 333001; 333004; 312001	216021;0;0			ai_hard														2;0;1	1	1	0	
170104	1701; 1302; 1203	217011; 312701; 311202; 322005; 323002; 333005; 333007; 333006; 333003; 333002; 332004; 332002; 332005; 322011; 322012; 217011; 312701; 311202; 322005; 323002; 333005; 333007; 333006; 333003; 333002; 332004; 332002; 332005; 322011; 322012	217011;0;0			ai_hard														2;1;1	1	1	0	
110105	1101; 1102; 1403	211011; 312101; 311203; 311202; 312004; 331101; 331102; 332004; 332002; 332005; 321002; 321003; 332001; 332003; 322008; 211011; 312101; 311203; 311202; 312004; 331101; 331102; 332004; 332002; 332005; 321002; 321003; 332001; 332003; 322008				ai_hard														2;0;1	1	1	0	
110205	1102; 1601; 1303	211021; 312101; 311202; 312002; 312005; 322006; 321001; 321004; 321005; 321006; 321002; 332003; 333007; 333006; 332004; 211021; 312101; 311202; 312002; 312005; 322006; 321001; 321004; 321005; 321006; 321002; 332003; 333007; 333006; 332004				ai_hard														2;1;1	1	1	0	
110305	1103; 1303; 1203	211031; 312101; 311502; 311501; 312005; 321002; 322008; 321004; 321006; 322007; 322009; 332008; 332004; 333006; 333005; 211031; 312101; 311502; 311501; 312005; 321002; 322008; 321004; 321006; 322007; 322009; 332008; 332004; 333006; 333005				ai_hard														2;1;1	1	1	0	
110405	1104; 1402; 1602	211041; 312101; 311302; 311301; 311303; 322004; 312005; 323001; 322010; 333001; 333004; 333008; 312001; 332004; 332008; 211041; 312101; 311302; 311301; 311303; 322004; 312005; 323001; 322010; 333001; 333004; 333008; 312001; 332004; 332008				ai_hard														2;1;1	1	1	0	
110505	1105; 1104; 1202	211051; 312101; 312102; 331101; 331102; 311502; 311501; 311503; 322004; 322011; 322012; 332008; 332009; 332004; 333002; 211051; 312101; 312102; 331101; 331102; 311502; 311501; 311503; 322004; 322011; 322012; 332008; 332009; 332004; 333002				ai_hard														2;0;1	1	1	0	
120105	1201; 1203; 1103	212011; 312201; 312202; 331201; 331202; 322006; 321001; 321004; 321005; 321006; 322007; 322009; 321002; 332004; 332008; 212011; 312201; 312202; 331201; 331202; 322006; 321001; 321004; 321005; 321006; 322007; 322009; 321002; 332004; 332008				ai_hard														2;0;1	1	1	0	
120205	1202; 1104; 1302	212021; 312201; 312002; 312005; 322005; 323002; 333005; 333007; 333006; 333003; 333002; 332004; 332002; 332005; 332008; 212021; 312201; 312002; 312005; 322005; 323002; 333005; 333007; 333006; 333003; 333002; 332004; 332002; 332005; 332008				ai_hard														2;1;1	1	1	0	
120305	1203; 1401; 1303	212031; 312201; 312301; 312401; 322003; 311102; 322007; 322009; 321001; 332004; 332008; 333003; 333002; 332002; 332005; 212031; 312201; 312301; 312401; 322003; 311102; 322007; 322009; 321001; 332004; 332008; 333003; 333002; 332002; 332005				ai_hard														2;1;1	1	1	0	
130105	1301; 1302; 1402	213011; 312301; 312302; 331301; 331302; 311302; 311303; 323001; 322010; 333001; 322007; 332001; 321002; 332004; 332008; 213011; 312301; 312302; 331301; 331302; 311302; 311303; 323001; 322010; 333001; 322007; 332001; 321002; 332004; 332008				ai_hard														2;0;1	1	1	0	
130205	1302; 1202; 1403	213021; 312301; 311402; 312002; 312005; 322005; 323002; 333005; 333007; 333006; 322007; 322009; 321001; 332004; 332008; 213021; 312301; 311402; 312002; 312005; 322005; 323002; 333005; 333007; 333006; 322007; 322009; 321001; 332004; 332008				ai_hard														2;1;1	1	1	0	
130305	1303; 1402; 1201	213031; 312301; 312401; 312201; 322003; 311502; 333003; 333002; 332004; 332002; 332005; 332001; 321002; 332008; 332009; 213031; 312301; 312401; 312201; 322003; 311502; 333003; 333002; 332004; 332002; 332005; 332001; 321002; 332008; 332009				ai_hard														2;1;1	1	1	0	
130505	1305; 1303; 1104	213051; 312301; 312302; 331301; 331302; 311202; 323001; 322010; 333001; 333004; 333008; 312001; 333003; 332004; 332005; 213051; 312301; 312302; 331301; 331302; 311202; 323001; 322010; 333001; 333004; 333008; 312001; 333003; 332004; 332005				ai_hard														2;0;1	1	1	0	
140105	1401; 1302; 1102	214011; 312401; 311202; 311201; 312005; 322011; 322012; 332008; 332009; 312003; 312006; 322008; 321002; 322007; 322010; 214011; 312401; 311202; 311201; 312005; 322011; 322012; 332008; 332009; 312003; 312006; 322008; 321002; 322007; 322010				ai_hard														2;1;1	1	1	0	
140205	1402; 1401; 1104	214021; 312401; 312402; 331402; 331401; 311301; 311302; 311303; 322004; 323001; 322010; 333001; 333004; 333008; 312001; 214021; 312401; 312402; 331402; 331401; 311301; 311302; 311303; 322004; 323001; 322010; 333001; 333004; 333008; 312001				ai_hard														2;0;1	1	1	0	
140305	1403; 1101; 1302	214031; 312401; 312101; 312301; 322003; 311502; 322005; 323002; 333005; 333007; 333006; 321001; 321003; 332003; 333003; 214031; 312401; 312101; 312301; 322003; 311502; 322005; 323002; 333005; 333007; 333006; 321001; 321003; 332003; 333003				ai_hard														2;1;1	1	1	0	
140405	1404; 1402; 1202	214041; 312401; 311403; 311401; 311302; 322004; 323001; 322010; 333001; 333004; 333008; 312001; 322011; 322012; 332008; 214041; 312401; 311403; 311401; 311302; 322004; 323001; 322010; 333001; 333004; 333008; 312001; 322011; 322012; 332008				ai_hard														2;0;1	1	1	0	
150105	1501; 1302; 1203	215011; 312501; 311102; 311101; 312005; 312301; 312201; 322003; 321002; 321003; 332001; 332003; 322008; 322007; 322009; 215011; 312501; 311102; 311101; 312005; 312301; 312201; 322003; 321002; 321003; 332001; 332003; 322008; 322007; 322009				ai_hard														2;1;1	1	1	0	
150205	1502; 1201; 1103	215021; 312501; 312502; 321004; 311502; 311503; 322011; 322012; 332008; 332009; 312003; 312006; 321002; 321006; 332004; 215021; 312501; 312502; 321004; 311502; 311503; 322011; 322012; 332008; 332009; 312003; 312006; 321002; 321006; 332004				ai_hard														2;1;1	1	1	0	
160105	1601; 1403; 1101	216011; 312601; 311103; 311102; 312005; 322006; 321001; 321004; 321005; 321006; 321003; 322011; 322012; 332008; 312003; 216011; 312601; 311103; 311102; 312005; 322006; 321001; 321004; 321005; 321006; 321003; 322011; 322012; 332008; 312003				ai_hard														2;1;1	1	1	0	
160205	1602; 1601; 1202	216021; 312601; 312602; 331601; 331602; 311303; 311301; 322006; 321001; 321004; 321005; 321006; 333001; 333004; 312001; 216021; 312601; 312602; 331601; 331602; 311303; 311301; 322006; 321001; 321004; 321005; 321006; 333001; 333004; 312001				ai_hard														2;0;1	1	1	0	
170105	1701; 1302; 1203	217011; 312701; 311202; 322005; 323002; 333005; 333007; 333006; 333003; 333002; 332004; 332002; 332005; 322011; 322012; 217011; 312701; 311202; 322005; 323002; 333005; 333007; 333006; 333003; 333002; 332004; 332002; 332005; 322011; 322012				ai_hard														2;1;1	1	1	0	
260101	4602		226011			ai_hard	413200														1		1	
260102	4603		226011			ai_hard	413200														1		1	
220101	4201		222011|100			ai_hard	5152001														1		1	
220102	4202		222011|100			ai_hard	5152001														1		1	
230101	4301;4301		223011; 223011			ai_hard	515200														1		1	
230102	4301;4301;4301		223011; 223011; 223011			ai_hard	515200														1		1	
220201	4203; 4203		222021; 222021			ai_hard	515200														1		1	
220202	4203; 4203; 4203		222021; 222021; 222021			ai_hard	515200														1		1	
250101	3405; 4501; 3405		0;100|125013|225011;0			ai_hard	413400														0;1;0		1	
250102	3305; 4502; 3305		0;100|125013|225011;0			ai_hard	413400														0;1;0		1	
270101	4701		227011|100			ai_hard	413200														1		1	
270102	4702		227011|100			ai_hard	413200														1		1	
