ID	对话ID	错误提示	是否重复	交付方式	[精确]道具1ID	[精确]道具1数量	[精确]道具2ID	[精确]道具2数量	[精确]道具3ID	[精确]道具3数量	精准交付完台词	组交付ID	组交付数量	是否删除道具	是否重置	是否允许联机交付	交付类型	是否可取回
1	614230406	614230409	0	1	100001	5					614230401			1			1	
2	614230407	614230409	1	2								1	5	1			1	
3	614230408	614230409	1	3								1,2	3	1			1	
4	4890001	4890004	0	1	100012	3	100064	3			4890201			0			1	
5	4890001	4890004	0	3								3,4	1	1			1	
6	4890001	4890004	0	3								5,6	1	1			1	
7	210092009	210092010	0	2								7	1	1			1	
8	110051301	110051307	1	2								8	1	1			1	
2005124	200511803	200511807	1	3								200512401,200512402,200512403,200512404,200512405,200512406,200512407	1	1			1	
2101105			0	1	100349	1					210110302			1			1	
2101106			0	1	100349	1					210110303			1			1	
2101107			0	1	100349	1					210110304			1			1	
2101108			0	1	100349	1					210110305			1			1	
2101109			0	1	100349	1					210110306			1			1	
2101110			0	1	100349	1					210110307			1			1	
2006006			1	1	100012	3					200600505			1			1	
2006008	200600704	200600705	1	1	100012	3					200600706			1			1	
10	614230406	614230409	1	2								10	10	1			1	
11	614230406	614230409	1	2								11	10	1			1	
12	614230406	614230409	1	2								12	10	1			1	
13	614230406	614230409	1	2								13	10	1			1	
2005920	2005904002	2005904010	1	3								200592001,200592002,200592003	1	1			1	
2230002	223000201	223000204	1	3								223000201,223000202,223000203,223000204	1	1			1	
2230103	223010203	223010205	1	3								223010301,223010302,223010303,223010304,223010305,223010306	1	1			1	
2200302	220030205		1	1	100026	1	100027	1						1			1	
2230302	223030202	223030203	1	1	100057	1								1			1	
2200802	220080301	220080303	1	2								2200802	1	1			1	
2006802			1	1	100025	3					2006804			1			1	
2051705	205170599	205170598	1	1	100024	3					205170597			1			1	
2102113			0	1	100457	1	100458	1	100459	1				1			1	
2102115	210211501	210211502	0	1	100467	1					210211503			1			1	
1050105	105010306		1	3								105010501,105010502	1	1			1	
2070103	207010501		1	3								207010301,207010302,207010303	1	1			1	
2102408			1	1	100028	3								1			1	
2074002	207400502		1	2								2074002	10	1			1	
7100601			0	3								710060101,710060201	1	1			1	
7100602			0	3								710060102,710060202	1	1			1	
2060405			1	3								206040501,206040502,206040503	1	1			1	
2220001			1	3								222000101,222000102,222000103,222000104	1	1			1	
2220002			1	3								222000201,222000202,222000203,222000204	1	1			1	
2220003			1	3								222000301,222000302,222000303,222000304	1	1			1	
2220004			1	3								222000401,222000402,222000403,222000404	1	1			1	
2250120	225011601		1	1	100029	3								1			1	
2250121	225011701		1	1	100052	3								1			1	
7101604	710160405	710160406	0	1	100530	1								1			1	
7101605	710160505	710160506	0	1	100531	1								1			1	
7101606	710160605	710160606	0	1	100532	1								1			1	
7101607	710160705	710160706	0	1	100530	1	100531	1						1			1	
7101608	710160805	710160806	0	1	100531	1	100532	1						1			1	
7101609	710160905	710160906	0	1	100530	1	100532	1						1			1	
7101610	710161005	710161006	0	1	100530	1	100531	1	100532	1				1			1	
7101802			1	3								710180201,710180202,710180203	3	1			1	
80201	8020102	8020105	1	1	100028	3								1			1	
7010227			1	1	100618	1								1			1	
7010230			0	1	100619	1	101006	50	101105	1				1			1	
7010610			1	3								701061001	1	1			1	
7010104			0	1	100023	3								1			1	
7012601			1	1	100672	3								1			1	
7012602			1	1	100673	3								1			1	
7012603			1	1	100674	3								1			1	
7011001			1	1	100618	4								1			1	
4112609	4112609		0	1	100626	1								1			1	
4111311			1	3								411131101	1	1			1	
7070001			1	1	100012	10								1			1	
7070101			1	1	100057	3								1			1	
7070201			1	1	100017	10								1			1	
7070301			1	1	100057	3								1			1	
7070401			1	1	100053	3								1			1	
7070501			1	1	100052	3								1			1	
7070601			1	1	100017	10								1			1	
7070701			1	1	100024	3								1			1	
7070801			1	1	100023	3								1			1	
7070901			1	2								7070901	3	1			1	
7071001			1	2								7071001	2	1			1	
7071101			1	2								7071101	3	1			1	
7071201			1	1	100023	3								1			1	
7071301			1	1	100061	6								1			1	
7071401			1	1	100064	6								1			1	
7170001			1	1	100029	3								1			1	
7170101			1	1	100031	3								1			1	
7170201			1	1	100034	3								1			1	
7170301			1	1	100012	10								1			1	
7170401			1	1	100016	10								1			1	
7170501			1	1	110011	2								1			1	
7170601			1	1	110005	2								1			1	
7170701			1	1	110010	2								1			1	
7170801			1	1	101001	10								1			1	
7170901			1	2								7170901	2	1			1	
7171001			1	2								7171001	3	1			1	
7171101			1	2								7171101	2	1			1	
7171201			1	2								7171201	2	1			1	
7171301			1	1	101001	10								1			1	
7171401			1	2								7171401	1	1			1	
7180405			0	1	100632	1								1			1	
7180406			1	3								718040601,718040602,718040603	1	1			1	
7180407			1	3								718040701,718040702	1	1			1	
7180408			1	1	100633	1								1			1	
4112242	411224203		0	1	100667	1								0			1	
4112244	411224411		0	1	100667	1								0			1	
4112246	411224603		0	1	100667	1								0			1	
1111202			1	1	100027	1								1			1	
1111207			1	1	100684	1								1			1	
2007004			1	1	100690	1								1			1	
1800008			0	1	100695	1								1			1	
1104414	110440531		1	3								110441401,110441402	1	1			1	
2007301			1	1	101909	1								1			1	
2007302			1	1	101909	1								1			1	
2007303			1	1	101909	1								1			1	
2007304			1	1	101909	1								1			1	
2052006			1	1	108021	1								1			1	
7181401			1	1	108157	1								1			1	
4140201			1	1	220019	1								1			1	
4133301			1	3								4133301,4133302,4133303	1	1			1	
1906802			1	3								190680201,190680202,190680203	1	1			1	
1902401			1	1	100052	1	100031	1						1			1	
1902402			1	1	100022	1	100002	1						1			1	
1902403			1	1	100027	1	112002	1						1			1	
1902501			1	1	100011	3	100061	2	110001	2				1			1	
4133105			1	1	100061	3	100064	3						1			1	
4134009			1	1	200004	1								1			1	
4133406			1	1	200001	2	200002	2						1			1	
4133601			1	1	200004	3								1			1	
4134301			1	1	200004	1								1			1	
4134302			1	1	100057	1								1			1	
1904401			1	1	112002	1	100014	1	100016	1				1			1	
7181606			1	1	200004	1								1			1	
7181508			1	1	200001	3	200002	3	200003	3				1			1	
7181710			1	3								7181710	2	1			1	
7181707			1	1	100737	1								1			1	
7181711			1	1	100738	1								1			1	
7181714			1	1	100088	3	100089	3	100092	3				1			1	
7181716			1	1	200004	1								1			1	
7181718			1	1	200004	1								1			1	
7181809			1	1	200001	1	200002	1	200003	1				1			1	
4133201			1	1	200004	1								1			1	
7182001			1	1	100031	1	100058	1						1			1	
4133507			1	1	100748	1								1			1	
4133701			1	1	100031	1								1			1	
4134201			1	1	100729	1								1			1	
4134202			1	1	100756	2								1			1	
4134203			1	1	200004	1								1			1	
7080001			1	1	100057	1								1			1	
7080002			1	1	100057	1	112002	1						1			1	
1908405			1	3								190840501,190840502,190840503	1	1			1	
1908406			1	1	112023	1								1			1	
1908603			1	3								190860301,190860302	1	1			1	
1908604			1	3								190860401,190860402	1	1			1	
1908605			1	3								190860501,190860502	1	1			1	
7000602			1	3								700060201,700060202	1	1			1	
7001202			1	3								700120201,700120202	1	1			1	
7001502			1	3								700150201,700150202	1	1			1	
7001802			1	3								700180201,700180202	1	1			1	
7001902			1	3								700190201,700190202	1	1			1	
7002102			1	3								700210201,700210202	1	1			1	
7002302			1	3								700230201,700230202	1	1			1	
1910604			1	1	100846	2								1			1	
1910607			1	1	100840	2								1			1	
1910703			1	1	100829	1								1			1	
7000808			1	3								700080801,700080802	3	1			1	
7000810			1	3								700081001,700081002	1	1			1	
7211101		721110601	0	3								721110101	1	1			1	
7211102		721110601	0	3								721110201	1	1			1	
7211103		721110601	0	3								721110301	1	1			1	
7210616			0	3								7210616	1	1			1	
7900404	7900412		1	1	100841	4								1			1	
7212906			1	1	100958	1	100959	1						1			1	
7213006			0	1	100960	1	100961	1						1			1	
7213106			0	1	100962	1	100963	1						1			1	
7213204			0	1	100964	1	100965	1						1			1	
7113204			0	3								721110101	1	1			1	
7213802			1	1	101205	12								1			1	
200915			1	3								20091501,20091502	1	1			1	
7215312			1	1	100084	1	101210	1	100092	1				1			1	
7211401			1	1	100852	1								1			1	
7211601			1	1	101203	3								1			1	
7211801			1	1	100853	1	100854	1						1			1	
7211901			1	1	101201	3								1			1	
7212201			1	1	100956	3								1			1	
7212401			1	1	100855	1								1			1	
7212402			1	1	100856	1								1			1	
7212403			1	1	100857	1								1			1	
7212501			1	1	100858	1								1			1	
7212701			1	1	100012	3								1			1	
7212801			1	1	100859	3								1			1	
7214001			1	1	101203	12								1			1	
7214008			1	1	100064	4	110001	2	100062	2				1			1	
7214009			1	3								721400901,721400902,721400903	1	1			1	
7214010			1	1	108280	1								1			1	
7214011			1	1	108281	1								1			1	
2201403			1	1	100027	1	100064	3						1			1	
2201405			1	1	100889	1								1			1	
2201407			1	1	100890	1								1			1	
2201701			1	3								220170101,220170102,220170103	1	1			1	
7216104			1	1	101205	12					721610403			1			1	
2202101			1	1	101521	3								1			1	
2202102			1	1	101522	2								1			1	
2202302			1	3								220230201,220230202,220230204	1	1			1	
2202505			1	1	108212	1								1			1	
2202506			1	1	108154	1								1			1	
2202507			1	1	108109	1								1			1	
7182901			1	1	100062	1	100015	1						1			1	
7215101			1	1	101202	3								1			1	
201201			1	3								20120101	1	1			1	
201202			1	3								20120201	1	1			1	
2203001			1	1	100904	1								1			1	
2203202			1	3								220320201,220320202,220320204	1	1			1	
2203302			1	3								220330201,220330203,220330204	1	1			1	
1200513			1	1	100885	1								1			1	
1200602			1	3								120060201	1	1			1	
1200604			1	1	100886	1								1			1	
7211201			1	1	100789	1								1			1	
7211202			1	1	100790	1								1			1	
7211203			1	1	100791	1								1			1	
7211204			1	1	100792	1								1			1	
7211205			1	1	100793	1								1			1	
7211206			1	1	100794	1								1			1	
7211207			1	1	100795	1								1			1	
7211208			1	1	100872	1								1			1	
7211209			1	1	100873	1								1			1	
7211210			1	1	100874	1								1			1	
7211211			1	3								7211217	1	1			1	
7211212			1	3								7211216	1	1			1	
7211213			1	3								7211217	1	1			1	
7211214			1	3								7211218	1	1			1	
7211216			1	3								7211216	1	1			1	
7211217			1	3								7211217	1	1			1	
7211218			1	3								7211218	1	1			1	
7211226			1	1	100796	1								1			1	
7211227			1	1	100797	1								1			1	
7211228			1	1	100908	1								1			1	
7211229			1	1	100909	1								1			1	
7211230			1	1	100910	1								1			1	
7211231			1	1	100911	1								1			1	
7211232			1	1	100912	1								1			1	
7211233			1	1	100913	1								1			1	
7211234			1	1	100914	1								1			1	
7210401			1	1	100789	1								1			1	
7210402			1	1	100790	1								1			1	
7210403			1	1	100791	1								1			1	
7210404			1	1	100792	1								1			1	
7210405			1	1	100793	1								1			1	
7210406			1	1	100794	1								1			1	
7210407			1	1	100795	1								1			1	
7210408			1	1	100872	1								1			1	
7210409			1	1	100873	1								1			1	
7210410			1	1	100874	1								1			1	
7210411			1	3								7210416	1	1			1	
7210412			1	3								7210416	1	1			1	
7210413			1	3								7210417	1	1			1	
7210414			1	3								7210418	1	1			1	
7210416			1	3								7210416	1	1			1	
7210417			1	3								7210417	1	1			1	
7210418			1	3								7210418	1	1			1	
7210426			1	1	100796	1								1			1	
7210427			1	1	100797	1								1			1	
7210428			1	1	100908	1								1			1	
7210429			1	1	100909	1								1			1	
7210430			1	1	100910	1								1			1	
7210431			1	1	100911	1								1			1	
7210432			1	1	100912	1								1			1	
7210433			1	1	100913	1								1			1	
7210434			1	1	100914	1								1			1	
7216803			1	1	101517	1								1			1	
7216903			1	1	101518	1								1			1	
7217003			1	1	101519	1								1			1	
7214401			0	1	100349	1								0			1	
7214405			1	1	100349	1								1			1	
2202601			1	1	101520	3								1			1	
7271201			1	1	100054	5								1			1	
3002601			1	3								300260101,300260102,300260103	1	1			1	
3002602			1	3								300260201,300260202,300260203	1	1			1	
3002603			1	3								300260301,300260302,300260303	1	1			1	
3002604			1	3								300260401,300260402,300260403	1	1			1	
7271301			1	1	100016	15								1			1	
7271401			1	1	100062	8								1			1	
7271501			1	1	101202	5								1			1	
7271601			1	1	100013	15								1			1	
7271701			1	1	101001	10								1			1	
7271801			1	2								7271801	5	1			1	
7271901			1	1	101002	5								1			1	
7217901			1	1	101204	1								1			1	
7217902			1	1	101204	1								1			1	
7217903			1	1	101204	1								1			1	
7217904			1	1	101204	1								1			1	
7217905			1	1	101204	1								1			1	
7217906			1	1	101204	1								1			1	
7050001	7050002		1	1	100967	1								1			1	
7050002			1	1	100968	3								1			1	
7050108	7050104		1	1	100980	1								1			1	
7050110	7050105		1	1	100981	3								1			1	
7150004	7150002		1	1	100982	1								1			1	
7216620	7216606		1	1	100952	1								1			1	
7217510	7217503		1	1	101209	10								1			1	
7150005	7150007		1	1	100983	3								1			1	
7066105			1	2								7066105	1	1			1	
7210301			1	1	100789	1								1			1	
7210302			1	1	100790	1								1			1	
7210303			1	1	100791	1								1			1	
7210304			1	1	100792	1								1			1	
7210305			1	1	100793	1								1			1	
7210306			1	1	100794	1								1			1	
7210307			1	1	100795	1								1			1	
7210308			1	1	100872	1								1			1	
7210309			1	1	100873	1								1			1	
7210310			1	1	100874	1								1			1	
7210311			1	3								7210316	1	1			1	
7210312			1	3								7210316	1	1			1	
7210313			1	3								7210317	1	1			1	
7210314			1	3								7210318	1	1			1	
7210316			1	3								7210316	1	1			1	
7210317			1	3								7210317	1	1			1	
7210318			1	3								7210318	1	1			1	
7210326			1	1	100796	1								1			1	
7210327			1	1	100797	1								1			1	
7210328			1	1	100908	1								1			1	
7210329			1	1	100909	1								1			1	
7210330			1	1	100910	1								1			1	
7210331			1	1	100911	1								1			1	
7210332			1	1	100912	1								1			1	
7210333			1	1	100913	1								1			1	
7210334			1	1	100914	1								1			1	
2203901			1	3								220390101,220390102	1	1			1	
7218401			1	1	101211	1								1			1	
7218501			1	1	110009	1								1			1	
7214901			1	1	100894	4								1			1	
2204301			1	1	101312	10								1			1	
2204401			1	1	101205	3								1			1	
7221104			1	1	101210	3								1			1	
7221303			1	1	101001	3								1			1	
7221404			1	1	100061	3								1			1	
7220606			1	1	100011	3	100025	3						1			1	
7003006			1	1	100030	3								1			1	
1913204			1	1	101000	1								1			1	
7217701			1	1	100895	1								1			1	
7217702			1	1	100920	1								1			1	
7217703			0	2								7217703	4	0			1	
7220407			1	1	101575	1								1			1	
7220502			1	1	101202	1								1			1	
7220804			1	1	101581	1								1			1	
7183005			1	1	101304	12								1			1	
7224402			1	1	101207	1								1			1	
7224403			1	1	101207	1								1			1	
7224404			1	1	101207	1								1			1	
7224405			1	1	101207	1								1			1	
7224406			1	1	101207	1								1			1	
7224407			1	1	101207	1								1			1	
7224408			1	1	101207	1								1			1	
2000302			1	1	101308	1	101301	1						1			1	
2100001			1	1	101617	1								1			1	
7226510			0	1	100061	8	101206	3	101002	4				1			1	
7224401			0	1	100940	1								0			1	
7103814			1	1	101782	1								1			1	
2102801			1	1	100016	3								1			1	
7267502			1	1	100085	1								1			1	
7267602			1	3								726760201	1	1			1	
7267702			1	1	100053	1								1			1	
7226509			0	1	101662	1								1			1	
7226519			0	1	101663	1								1			1	
7226617			0	1	101664	1								1			1	
7105208			0	1	101627	5								1			1	
7106202			0	3								710620201	4	1			1	
7103701			0	1	101625	3								1			1	
2102901			1	1	100027	1								1			1	
2102902			1	1	100012	1								1			1	
2102903			1	1	112002	1								1			1	
2102701			1	1	100027	1								1			1	
2102702			1	1	100012	1								1			1	
2102703			1	1	112002	1								1			1	
7106301			1	1	100062	1								1			1	
7106601			1	1	101641	1								1			1	
7105903			1	1	101694	1	101695	1	101696	1				1			1	
7227801			1	1	108266	3								1			1	
7107401			0	1	101642	3								1			1	
7107402			0	1	101642	3								1			1	
7107403			0	1	101642	3								1			1	
7902130			0	1	100306	1	100307	1	100308	1				1			1	
7902131			1	1	101945	1								1			1	
7902301			1	1	101946	1								1			1	
7901201			1	1	101917	1								1			1	
7109807			0	1	108021	1								1			1	
4006901			0	1	101836	1								1			1	
7901301	7901346		1	2								7901301	1	1			1	
7301905			1	1	110006	1								1			1	
7302105			1	1	101860	1								1			1	
7051403			0	1	101861	1								1			1	
7307803			0	1	101228	3								1			1	
7109901			1	1	101303	3	101402	1						1			1	
2300102			1	3								230010201,230010202,230010203	1	1			1	
2300201			1	1	101955	5								1			1	
2300505			1	1	108151	1								1			1	
2300503			1	3								230050301,230050302,230050303	1	1			1	
2300802			1	1	112002	3								1			1	
2301001			1	1	100016	1								1			1	
2301002			1	1	100080	1								1			1	
2301003			1	1	100061	1								1			1	
2301402			1	3								230140201,230140202	2	1			1	
7306703			1	1	101954	1								1			1	
2301801			1	1	110006	1								1			1	
2301802			1	1	108009	1								1			1	
2301502			1	1	101001	3								1			1	
2302301			1	1	101216	3								1			1	
2300903			1	1	112002	3								1			1	
2300708			1	3								230070801	1	1			1	
2300904			1	1	101911	1								1			1	
2300907			1	1	101912	1								1			1	
2300910			1	1	101913	1								1			1	
2300913			1	1	101914	1								1			1	
2300916			1	1	101915	3								1			1	
2303102			1	1	100002	1	100017	1	101218	1				1			1	
2303105			1	1	100002	1	100017	1	101919	3				1			1	
2303108			1	1	100002	1	100017	1	101920	1				1			1	
7380001			1	1	101994	1								1			1	
7380002			1	1	100084	3								1			1	
7380003			1	1	100080	2								1			1	
7380004			1	1	101214	3								1			1	
7310403			1	1	100002	1	100017	1	101921	3				1			1	
7310406			1	1	100002	1	100017	1	101922	1				1			1	
7310411			1	1	100002	1	100017	1	101942	3				1			1	
2303207			1	1	100080	2								1			1	
2303209			1	1	100024	1								1			1	
2303602			1	1	100002	1	100017	1	101214	1				1			1	
2303605			1	1	100002	1	100017	1	101941	3				1			1	
2303608			1	1	100002	1	100017	1	101923	1				1			1	
2301103			0	1	100827	1								1			1	
2301106			0	1	100829	1								1			1	
2301109			0	1	100828	1								1			1	
2302004			1	1	101961	3								1			1	
7303907			1	1	108021	1								1			1	
300308			1	1	101927	1								1			1	
7304002			1	3								730400201,730400202	1	1			1	
7304003			1	3								730400301,730400302	1	1			1	
7304004			1	3								730400401,730400402	1	1			1	
2301803			1	1	101938	1								1			1	
2301804			1	1	101939	1								1			1	
2301805			1	1	101940	1								1			1	
7365301			1	1	100061	8								1			1	
7365401			1	1	101218	10								1			1	
7365501			1	1	100051	15								1			1	
7365601			1	1	101216	10								1			1	
7365701			1	1	101002	5								1			1	
7365801			1	1	101219	10								1			1	
7365901			1	1	100001	5								1			1	
7366001			1	1	101215	5								1			1	
7366101			1	1	110006	5								1			1	
7366201			1	1	110008	2								1			1	
2300413			1	1	120012	1								1			1	
2300429			1	1	120012	1								1			1	
2300419			1	1	120013	1								1			1	
2300423			1	1	120014	1								1			1	
2300427			1	1	120015	1								1			1	
7311803			0	1	101228	1								1			1	
7311903			0	1	101228	1	101212	1						1			1	
7312103			0	1	101228	1	101227	1						1			1	
7312203			0	1	101228	1	101226	1						1			1	
7312303			0	1	101212	1	101226	1	101227	1				1			1	
7312403			0	1	101228	2								1			1	
7312503			0	1	101228	1	101213	1						1			1	
7312603			0	1	101228	1	101214	1						1			1	
7312703			0	1	101228	1	101215	1						1			1	
7312803			0	1	101228	1	101216	1						1			1	
7312903			0	1	101228	1	101217	1						1			1	
7313003			0	1	101228	1	101218	1						1			1	
7313103			0	1	101228	1	101219	1						1			1	
300701			1	2								30070101	2	1			1	
2303401			1	1	100016	3								1			1	
7322301			0	1	101987	1								1			1	
7321002			0	1	120031	1								1			1	
7322602			1	1	120008	3								1			1	
7321004			0	1	120031	1								1			1	
2303704			1	1	120055	1								1			1	
2303805			1	1	101220	3								1			1	
2303807			1	1	101221	3								1			1	
2303809			1	1	101225	3								1			1	
7322605			1	1	120008	3								1			1	
7322608			1	1	120008	3								1			1	
7322611			1	1	120008	3								1			1	
7322614			1	1	120008	3								1			1	
7318501			1	1	101216	4	101218	3						1			1	
2304109			1	1	101218	3								1			1	
7323303			1	1	120065	1								1			1	
2304114			1	1	120061	1								1			1	
2304204			1	1	120066	1								1			1	
2304301			1	3								230430101,230430102,230430103,230430104	1	1			1	
7329001			0	1	101219	1								1			1	
