SetBundleListID	LinkType	GroupList	提示Group	提示半径	领奖方式	掉落组ID	动态等级ID	默认Activate	active后自动追踪	默认显示mark	是否大地图显示黄圈	始终显示黄圈
20070101	0	133104288	133104288	70	1	200701	20	1		1		
20070102	0	133104297,133104295	133104295	70	1	200702	20	1		1		
20070103	0	133104306,133104296	133104296	70	1	200703	20	1		1		
20070104	0	133104308,133108187	133108187	70	1	200704	20	1		1		
20070105	0	133108190,133108188	133108188	70	1	200705	20	1		1		
20070106	0	133108191,133108189	133108189	70	1	200706	20	1		1		
20070201	0	133001043	133001043	60	1	200707	21	1		1		
20070202	0	133001044,133001047	133001047	60	1	200708	21	1		1		
20070203	0	133001045,133001049	133001049	60	1	200709	21	1		1		
20070204	0	133003038,133003041	133003041	60	1	200710	21	1		1		
20070205	0	133003039,133003042	133003042	60	1	200711	21	1		1		
20070206	0	133003040,133003048	133003048	60	1	200712	21	1		1		
20070301	0	133008210	133008210	60	1	200713	22	1		1		
20070302	0	133008586,133002045	133008586	60	1	200714	22	1		1		
20070303	0	133008578,133002048	133008578	60	1	200715	22	1		1		
20070304	0	133008654,133002049	133008654	60	1	200716	22	1		1		
20070305	0	133008659,133002050	133008659	60	1	200717	22	1		1		
20070306	0	133008660,133002052	133008660	60	1	200718	22	1		1		
50490001	0	133225015	133225015	0	1			1		1		
50490101	0	133007082	133007082	50	1	200719		1		1		
50490102	0	133105048	133105048	50	1	200720		1		1		
50490103	0	133106028	133106028	50	1	200721		1		1		
50490104	0	133212576	133212576	50	1	200722		1		1		
50490201	0	133007088	133007088	0	1			1		1		
50490202	0	133105052	133105052	0	1			1		1		
50490203	0	133106029	133106029	0	1			1		1		
50490204	0	133212585	133212585	0	1			1		1		
50490301	0	133225009	133225009	0	1			1		1		
50490302	0	133223271	133223271	0	1			1		1		
50490401	0	133008668	133008668	50	1			1		1		
50490402	0	133008669	133008669	0	1			1		1		
50490403	0	133108193	133108193	50	1			1		1		
50490404	0	133108194	133108194	0	1			1		1		
20090101	0	133001058	133001058	75	1	2009101		1		1		
20090102	0	133001061	133001061	75	1	2009102		1		1		
20090104	0	133001063	133001063	75	1	2009103		1		1		
20090105	0	133001064	133001064	75	1	2009104		1		1		
20090108	0	133008678	133008678	75	1	2009105		1		1		
20090109	0	133008679	133008679	75	1	2009106		1		1		
20090110	0	133008680	133008680	75	1	2009107		1		1		
20090111	0	133008681	133008681	75	1	2009108		1		1		
20090201	0	133001060	133001060	40	1	2009201		1		1		
20090202	0	133008117	133008117	60	1	2009202		1		1		
20090203	0	133008674	133008674	50	1	2009203		1		1		
20090204	0	133008675	133008675	50	1	2009204		1		1		
20090205	0	133008676	133008676	50	1	2009205		1		1		
20090206	0	133105060	133105060	55	1	2009206		1		1		
20090207	0	133002083	133002083	50	1	2009207		1		1		
20090208	0	133002088	133002088	50	1	2009208		1		1		
20090301	0	133008672	133008672	0	1			1		1		
20090302	0	133008673	133008673	0	1			1		1		
20090303	0	133008670	133008670	0	1			1		1		
20090304	0	133008671	133008671	0	1			1		1		
20090401	0	133001059	133001059	0				1		1		
20104101	0	133108226	133108226	30	1	2010401		1		0		
20104102	0	133108225	133108225	30	1	2010401		1		0		
20104103	0	133108231	133108231	30	1	2010401		1		0		
20104104	0	133108228	133108228	30	1	2010401		1		0		
20104105	0	133108229	133108229	30	1	2010401		1		0		
20104106	0	133108230	133108230	30	1	2010401		1		0		
20104201	0	133108246	133108246	45	1	2010402		1		0		
20104202	0	133108247	133108247	45	1	2010402		1		0		
20104203	0	133108240	133108240	0	1	2010402		1		0		
20104204	0	133108234	133108234	45	1	2010402		1		0		
20104205	0	133108239	133108239	45	1	2010402		1		0		
20104206	0	133108242	133108242	0	1	2010402		1		0		
20104207	0	133108243	133108243	0	1	2010402		1		0		
20104208	0	133108236	133108236	45	1	2010402		1		0		
20104209	0	133108237	133108237	45	1	2010402		1		0		
20104210	0	133108238	133108238	45	1	2010402		1		0		
20104211	0	133108248	133108248	45	1	2010402		1		0		
20104212	0	133108249	133108249	45	1	2010402		1		0		
20104213	0	133108250	133108250	45	1	2010402		1		0		
20104301	0	133108202	133108202	0	1	2010403		1		1		
20104302	0	133108203	133108203	0	1	2010403		1		1		
20104401	0	133108201	133108201	0	1	2010404		1		1		
20104402	0	133108253	133108253	0	1	2010404		1		1		
20104501	0	133108198	133108198	0	1	2010405		1		1		
20111001	0	177005155	177005155	50				0		1		
20111002	0	177005156	177005156	50				0		1		
20111003	0	177006001	177006001	50				0		1		
20111004	0	177006002	177006002	50				0		1		
20111005	0	177008080	177008080	50				0		1		
20111006	0	177008081	177008081	50				0		1		
20112001	0	177005075	177005075	100				0		1		
50680101	0	133004066	133004066	20				0		1		
50680102	0	133001078	133001078	20				0		1		
50680103	0	133104823	133104823	20				0		1		
50680104	0	133104824	133104824	20				0		1		
50680105	0	133002135	133002135	20				0		1		
50680106	0	133102221	133102221	20				0		1		
50680107	0	133106485	133106485	20				0		1		
50680108	0	133107250	133107250	20				0		1		
50680109	0	133103360	133103360	20				0		1		
50680110	0	133101019	133101019	20				0		1		
50680111	0	133106487	133106487	20				0		1		
50680112	0	133106488	133106488	20				0		1		
50680113	0	133221076	133221076	20				0		1		
50680114	0	133209083	133209083	20				0		1		
50800101	0	133001079	133001079	60				1		1		
50800201	0	133105077	133105077	60				1		1		
50800301	0	133213557	133213557	60				1		1		
50790101	0	166001606	166001606	0				1		1		
50790102	0	166001581	166001581	0				1		1		
50790103	0	166001630	166001630	0				1		1		
50790104	0	166001582	166001582	0				1		1		
50790105	0	166001574	166001574	0				1		1		
20140101	0	199003065	199003065	0				0		1		
20140201	0	199004061	199004061	0				0		1		
20140301	0	199003025	199003025	0				0		1		
20140401	0	199001094	199001094	0				0		1		
20140501	0	199001098	199001098	0				0		1		
20140601	0	199002079	199002079	0				0		1		
20150101	0	133302136	133302136	50				1		1		
20150102	0	133302137	133302137	50				1		1		
20150103	0	133302095	133302095	50				1		1		
20150104	0	133302138	133302138	50				1		1		
20150105	0	133302121	133302121	50				1		1		
20150106	0	133302140	133302140	50				1		1		
20150107	0	133302141	133302141	50				1		1		
20150108	0	133302143	133302143	50				1		1		
20150109	0	133302144	133302144	50				1		1		
20150110	0	133302145	133302145	50				1		1		
20150111	0	133302146	133302146	50				1		1		
20150112	0	133302147	133302147	50				1		1		
20150113	0	133302149	133302149	50				1		1		
20150114	0	133302150	133302150	50				1		1		
20150115	0	133302151	133302151	50				1		1		
20150116	0	133302152	133302152	50				1		1		
20150117	0	133302154	133302154	50				1		1		
20150118	0	133302155	133302155	50				1		1		
20150119	0	133302156	133302156	50				1		1		
20150120	0	133302157	133302157	50				1		1		
20150121	0	133302061	133302061					1		1		
20150122	0	133302185	133302185					1		1		
20150123	0	133302056	133302056					1		1		
20150124	0	133302062	133302062					1		1		
20150125	0	133302060	133302060					1		1		
20150126	0	133302260	133302260					1		1		
20150127	0	133302183	133302183					1		1		
20150128	0	133302567	133302567	100				0		0		
20150129	0	133315233	133315233	100				0		0		
20150130	0	133302571	133302571	100				0		0		
20150131	0	133302572	133302572	100				0		0		
20150132	0	133302574	133302574	50				0		0		
20150133	0	133302576	133302576	50				0		0		
20150134	0	133302577	133302577	50				0		0		
20150135	0	133302581	133302581	100				0		0		
20150136	0	133302580	133302580	100				0		0		
20150137	0	133302579	133302579	100				0		0		
20150138	0	133302578	133302578	100				0		0		
20150139	0	133302568	133302568	100				0		0		
50910101	0	133315072	133315072	180				1		0	1	
50910102	0	133301019	133301019	150				1		0	1	
50910103	0	133304053	133304053	170				1		0	1	
50910104	0	133304231	133304231	170				1		0	1	
50910105	0	133302232	133302232	160				1		0	1	
50910106	0	133303053	133303053	180				1		0	1	
20160101	0	133002075	133002075	80				1		0		
20160102	0	133002100	133002100	0				0		1		
20160103	0	133002081	133002081	60				1		0		1
20160104	0	133002082	133002082	60				0		0		1
20160105	0	133002099	133002099	60				0		0		1
20160106	0	133002068	133002068	60				1		0		
20160107	0	133003050	133003050	50			27	1		1		
20160108	0	133003054,133003088	133003054	50			27	1		1		
20160109	0	133003057,133003089	133003057	50			27	1		1		
20160110	0	133003082,133003091	133003082	50			27	1		1		
20160111	0	133003085,133003093	133003085	50			27	1		1		
20160112	0	133001184	133001184	50			27	1		1		
20160113	0	133001185,133001187	133001187	50			27	1		1		
20160114	0	133001188,133001192	133001192	50			27	1		1		
20160115	0	133001218,133001195	133001195	50			27	1		1		
20160116	0	133001219,133001196	133001196	50			27	1		1		
20160117	0	133001189	133001189	50			27	1		1		
20160118	0	133001179,133001190	133001190	50			27	1		1		
20160119	0	133001180,133001191	133001191	50			27	1		1		
20160120	0	133001181,133001178	133001178	50			27	1		1		
20160121	0	133001182,133001220	133001220	50			27	1		1		
50960101	0	133304447	133304447	160				1		1		
50960102	0	133309546	133309546	160				1		1		
50960103	0	133303490,133303637	133303490	160				1		1		
50960104	0	133310321,133310403,133310404,133310379	133310321	160				1		1		
50960105	0	133310348	133310348	160				1		1		
50960106	0	133302272	133302272	140				1		1		
51080101	0	133302697	133302697	20				0		1		
51080102	0	133104291	133104291	20				0		1		
51080103	0	133304564	133304564	20				0		1		
51080104	0	133220418	133220418	20				0		1		
51080105	0	133108183	133108183	20				0		1		
51080106	0	133315311	133315311	20				0		1		
51080107	0	133302698	133302698	20				0		1		
51080108	0	133007073	133007073	20				0		1		
51080109	0	133310019	133310019	20				0		1		
51080110	0	133220483	133220483	20				0		1		
51080111	0	133003101	133003101	20				0		1		
51080112	0	133303644	133303644	20				0		1		
51080113	0	133310083	133310083	20				0		1		
51080114	0	133104278	133104278	20				0		1		
20170101	0	133302690	133302690	75				1		1		
20170102	0	133304506	133304506	60				1		1		
20170103	0	133315305	133315305	75				1		1		
20170104	0	133303635	133303635	75				1		1		
20170105	0	133301512	133301512	70				1		1		
51120101	0	133004079	133004079	0				1		1		
51120102	0	133113010	133113010	0				1		1		
51120103	0	133304579	133304579	0				1		1		
51120104	0	133303668	133303668	0				1		1		
51120105	0	133310376	133310376	0				1		1		
