ID	类型	对应角色	对话ID	事件奖励	对应家具套装ID	持续时间	顺序	解锁条件类型1	条件详细值1	解锁条件类型2	条件详细值2
1	1	10000003	6900312	990002	31		1				
2	1	10000020		990002	32		2				
3	1	10000020		990002	31		3				
4	1	10000043		990002	32		4				
5	2	10000003	6900313		31	300					
6	2	10000020			32	300					
7	2	10000020			31	300					
8	2	10000043			32	300					
1001	1	10000003	6900350	4110031	33		5				
1002	1	10000003	6900351	4110032	41		6				
1011	2	10000003	6900350	0	33	300					
1012	2	10000003	6900351	0	41	300					
1101	1	10000006	6900650	4110051	33		7				
1102	1	10000006	6900651	4110052	37		8				
1111	2	10000006	6900650	0	33	300					
1112	2	10000006	6900651	0	37	300					
1201	1	10000014	6901450	4110061	34		9				
1202	1	10000014	6901451	4110062	41		10				
1211	2	10000014	6901450	0	34	300					
1212	2	10000014	6901451	0	41	300					
1301	1	10000015	6901551	4110071	41		11				
1302	1	10000015	6901550	4110072	47		12				
1311	2	10000015	6901551	0	41	300					
1312	2	10000015	6901550	0	47	300					
1401	1	10000016	6901651	4110081	39		13				
1402	1	10000016	6901650	4110082	47		14				
1411	2	10000016	6901651	0	39	300					
1412	2	10000016	6901650	0	47	300					
1501	1	10000020	6902051	4110091	38		15				
1502	1	10000020	6902050	4110092	40		16				
1511	2	10000020	6902051	0	38	300					
1512	2	10000020	6902050	0	40	300					
1601	1	10000021	6902151	4110101	40		17				
1602	1	10000021	6902150	4110102	45		18				
1611	2	10000021	6902151	0	40	300					
1612	2	10000021	6902150	0	45	300					
1701	1	10000022	6902250	4110111	41		19				
1702	1	10000022	6902251	4110112	47		20				
1711	2	10000022	6902250	0	41	300					
1712	2	10000022	6902251	0	47	300					
1801	1	10000023	6902351	4110121	38		21				
1802	1	10000023	6902350	4110122	42		22				
1811	2	10000023	6902351	0	38	300					
1812	2	10000023	6902350	0	42	300					
1901	1	10000024	6902450	4110131	42		23				
1902	1	10000024	6902451	4110132	45		24				
1911	2	10000024	6902450	0	42	300					
1912	2	10000024	6902451	0	45	300					
2001	1	10000025	6902550	4110141	35		25				
2002	1	10000025	6902551	4110142	43		26				
2011	2	10000025	6902550	0	35	300					
2012	2	10000025	6902551	0	43	300					
2101	1	10000026	6902651	4110151	38		27				
2102	1	10000026	6902650	4110152	44		28				
2111	2	10000026	6902651	0	38	300					
2112	2	10000026	6902650	0	44	300					
2201	1	10000027	6902751	4110161	35		29				
2202	1	10000027	6902750	4110162	43		30				
2211	2	10000027	6902751	0	35	300					
2212	2	10000027	6902750	0	43	300					
2301	1	10000029	6902950	4110171	37		31				
2302	1	10000029	6902951	4110172	45		32				
2311	2	10000029	6902950	0	37	300					
2312	2	10000029	6902951	0	45	300					
2401	1	10000030	6903050	4110181	35		33				
2402	1	10000030	6903051	4110182	43		34				
2411	2	10000030	6903050	0	35	300					
2412	2	10000030	6903051	0	43	300					
2501	1	10000031	6903150	4110191	33		35				
2502	1	10000031	6903151	4110192	46		36				
2511	2	10000031	6903150	0	33	300					
2512	2	10000031	6903151	0	46	300					
2601	1	10000032	6903251	4110201	39		37				
2602	1	10000032	6903250	4110202	46		38				
2611	2	10000032	6903251	0	39	300					
2612	2	10000032	6903250	0	46	300					
2701	1	10000033	6903350	4110211	38		39				
2702	1	10000033	6903351	4110212	42		40				
2711	2	10000033	6903350	0	38	300					
2712	2	10000033	6903351	0	42	300					
2801	1	10000034	6903451	4110221	34		41				
2802	1	10000034	6903450	4110222	39		42				
2811	2	10000034	6903451	0	34	300					
2812	2	10000034	6903450	0	39	300					
2901	1	10000035	6903551	4110231	44		43				
2902	1	10000035	6903550	4110232	46		44				
2911	2	10000035	6903551	0	44	300					
2912	2	10000035	6903550	0	46	300					
3001	1	10000036	6903651	4110241	36		45				
3002	1	10000036	6903650	4110242	46		46				
3011	2	10000036	6903651	0	36	300					
3012	2	10000036	6903650	0	46	300					
3101	1	10000037	6903751	4110251	36		47				
3102	1	10000037	6903750	4110252	42		48				
3111	2	10000037	6903751	0	36	300					
3112	2	10000037	6903750	0	42	300					
3201	1	10000038	6903850	4110261	37		49				
3202	1	10000038	6903851	4110262	46		50				
3211	2	10000038	6903850	0	37	300					
3212	2	10000038	6903851	0	46	300					
3301	1	10000039	6903951	4110271	40		51				
3302	1	10000039	6903950	4110272	39		52				
3311	2	10000039	6903951	0	40	300					
3312	2	10000039	6903950	0	39	300					
3401	1	10000042	6904251	4110291	36		53				
3402	1	10000042	6904250	4110292	43		54				
3411	2	10000042	6904251	0	36	300					
3412	2	10000042	6904250	0	43	300					
3501	1	10000043	6904350	4110301	37		55				
3502	1	10000043	6904351	4110302	45		56				
3511	2	10000043	6904350	0	37	300					
3512	2	10000043	6904351	0	45	300					
3601	1	10000044	6904451	4110311	42		57				
3602	1	10000044	6904450	4110312	44		58				
3611	2	10000044	6904451	0	42	300					
3612	2	10000044	6904450	0	44	300					
3701	1	10000045	6904550	4110321	41		59				
3702	1	10000045	6904551	4110322	47		60				
3711	2	10000045	6904550	0	41	300					
3712	2	10000045	6904551	0	47	300					
3801	1	10000046	6904650	4110331	36		61				
3802	1	10000046	6904651	4110332	44		62				
3811	2	10000046	6904650	0	36	300					
3812	2	10000046	6904651	0	44	300					
3901	1	10000048	6904850	4110351	36		63				
3902	1	10000048	6904851	4110352	43		64				
3911	2	10000048	6904850	0	36	300					
3912	2	10000048	6904851	0	43	300					
4001	1	10000051	6905151	4110381	33		65				
4002	1	10000051	6905150	4110382	34		66				
4011	2	10000051	6905151	0	33	300					
4012	2	10000051	6905150	0	34	300					
4101	1	10000041	6904150	4110281	33		67				
4102	1	10000041	6904151	4110282	38		68				
4111	2	10000041	6904150	0	33	300					
4112	2	10000041	6904151	0	38	300					
4201	1	10000062	6906250	4110431	45		69				
4202	1	10000062	6906251	4110432	46		70				
4211	2	10000062	6906250		45	300					
4212	2	10000062	6906251		46	300					
4301	1	10000047	6904711	4110341	53		71				
4302	1	10000047	6904710	4110342	59		72				
4311	2	10000047	6904711	0	53	300					
4312	2	10000047	6904710	0	59	300					
4401	1	10000002	6900210	4110021	54		73				
4402	1	10000002	6900211	4110022	57		74				
4411	2	10000002	6900210		54	300					
4412	2	10000002	6900211		57	300					
4501	1	10000049	6904910	4110361	49		75				
4502	1	10000049	6904911	4110362	55		76				
4511	2	10000049	6904910	0	49	300					
4512	2	10000049	6904911	0	55	300					
4601	1	10000053	6905311	4110391	50		77				
4602	1	10000053	6905310	4110392	56		78				
4611	2	10000053	6905311		50	300					
4612	2	10000053	6905310		56	300					
4701	1	10000052	6905211	4110401	51		79				
4702	1	10000052	6905212	4110402	57		80				
4711	2	10000052	6905211	0	51	300					
4712	2	10000052	6905212	0	57	300					
4801	1	10000056	6905610	4110411	48		81				
4802	1	10000056	6905611	4110412	52		82				
4811	2	10000056	6905610		48	300					
4812	2	10000056	6905611		52	300					
4901	1	10000054	6905410	4110421	56		83				
4902	1	10000054	6905411	4110422	58		84				
4911	2	10000054	6905410	0	56	300					
4912	2	10000054	6905411	0	58	300					
5001	1	10000050	6905008	4110371	55		85				
5002	1	10000050	6905007	4110372	59		86				
5011	2	10000050	6905008		55	300					
5012	2	10000050	6905007		59	300					
5101	1	10000055	6905507	4110451	50		87				
5102	1	10000055	6905508	4110452	49		88				
5111	2	10000055	6905507		50	300					
5112	2	10000055	6905508		49	300					
5201	1	10000057	6905707	4110441	53		89				
5202	1	10000057	6905708	4110442	54		90				
5211	2	10000057	6905707		53	300					
5212	2	10000057	6905708		54	300					
5301	1	10000063	6906307	4110461	44		91				
5302	1	10000063	6906308	4110462	43		92				
5311	2	10000063	6906307		44	300					
5312	2	10000063	6906308		43	300					
5401	1	10000064	6906407	4110471	35		93				
5402	1	10000064	6906408	4110472	43		94				
5411	2	10000064	6906407		35	300					
5412	2	10000064	6906408		43	300					
5501	1	10000058	6905807	4110481	51		95				
5502	1	10000058	6905808	4110482	49		96				
5511	2	10000058	6905807		51	300					
5512	2	10000058	6905808		49	300					
5601	1	10000066	6906607	4110491	54		97				
5602	1	10000066	6906608	4110492	48		98				
5611	2	10000066	6906607		54	300					
5612	2	10000066	6906608		48	300					
5701	1	10000060	6900807	4110501	44		99				
5702	1	10000060	6900808	4110502	42		100				
5711	2	10000060	6900807		44	300					
5712	2	10000060	6900808		42	300					
5801	1	10000065	6900907	4110511	58		101				
5802	1	10000065	6900908	4110512	55		102				
5811	2	10000065	6900907		58	300					
5812	2	10000065	6900908		55	300					
5901	1	10000059	6905907	4110521	49		103				
5902	1	10000059	6905908	4110522	56		104				
5911	2	10000059	6905907		49	300					
5912	2	10000059	6905908		56	300					
6001	1	10000069	6906910	4110541	60		105				
6002	1	10000069	6906911	4110542	73		106				
6011	2	10000069	6906910		60	300					
6012	2	10000069	6906911		73	300					
6101	1	10000067	6906710	4110551	60		107				
6102	1	10000067	6906711	4110552	67		108				
6111	2	10000067	6906710		60	300					
6112	2	10000067	6906711		67	300					
6201	1	10000068	6906810	4110531	61		109				
6202	1	10000068	6906811	4110532	66		110				
6211	2	10000068	6906810		61	300					
6212	2	10000068	6906811		66	300					
6301	1	10000070	6907010	4110581	61		111				
6302	1	10000070	6907011	4110582	68		112				
6311	2	10000070	6907010		61	300					
6312	2	10000070	6907011		68	300					
6401	1	10000071	6907110	4110561	67		113				
6402	1	10000071	6907111	4110562	63		114				
6411	2	10000071	6907110		67	300					
6412	2	10000071	6907111		63	300					
6501	1	10000072	6907210	4110571	65		115				
6502	1	10000072	6907211	4110572	70		116				
6511	2	10000072	6907210		65	300					
6512	2	10000072	6907211		70	300					
6601	1	10000073	6907307	4110601	64		117				
6602	1	10000073	6907308	4110602	72		118				
6611	2	10000073	6907307		64	300					
6612	2	10000073	6907308		72	300					
6701	1	10000074	6907407	4110591	64		119				
6702	1	10000074	6907408	4110592	70		120				
6711	2	10000074	6907407		64	300					
6712	2	10000074	6907408		70	300					
6801	1	10000075	6907507	4110621	69		121				
6802	1	10000075	6907508	4110622	73		122				
6811	2	10000075	6907507		69	300					
6812	2	10000075	6907508		73	300					
6901	1	10000076	6907607	4110611	63		123				
6902	1	10000076	6907608	4110612	66		124				
6911	2	10000076	6907607		63	300					
6912	2	10000076	6907608		66	300					
