ID
101
102
103
104
105
106
107
108
109
110
111
112
113
114
115
116
117
118
119
120
121
122
123
124
125
126
127
128
129
130
131
132
133
134
135
136
137
138
139
140
141
142
143
144
145
147
148
149
150
151
152
153
201
202
203
204
210
211
221
222
223
224
301
302
303
304
305
306
307
315
317
314
316
911
912
913
914
915
916
917
1002
1003
1005
1006
1007
1014
1015
1016
1020
1021
1022
1023
1024
1025
1026
1027
1029
1030
1031
1032
1033
1034
1035
1036
1037
1038
1039
1041
1042
1043
1044
1045
1046
1047
1048
1049
1050
1051
1052
1053
1054
1055
1056
1057
1058
1059
1060
1062
1063
1064
1065
1066
1067
1068
1069
1070
1071
1072
1073
1074
1102
1103
1105
1106
1107
1114
1115
1116
1120
1121
1122
1123
1124
1125
1126
1127
1129
1130
1131
1132
1133
1134
1135
1136
1137
1138
1139
1141
1142
1143
1144
1145
1146
1147
1148
1149
1150
1151
1152
1153
1154
1155
1156
1157
1158
1159
1160
1162
1163
1164
1165
1166
1167
1168
1169
1170
1171
1172
1173
1174
1201
1202
2001
2002
2003
2004
2005
2006
2007
2008
2017
2018
2019
2020
2021
2022
2023
2024
2025
2026
2027
2028
2029
2800
3001
3002
3003
3004
3005
3006
3007
3008
3018
3019
3009
3010
3011
3012
3013
3014
3015
3016
3017
3020
3021
3022
100001
100002
100011
100012
100013
100014
100015
100016
100017
100018
100019
100020
100021
100022
100023
100024
100025
100026
100027
100028
100029
100030
100031
100032
100033
100034
100051
100052
100053
100054
100055
100056
100057
100058
100061
100062
100063
100064
100072
100073
100074
100075
100076
100077
100078
100079
100080
100081
100082
100083
100084
100085
100086
100087
100088
100089
100090
100091
100092
100093
100094
100095
100096
130001
130002
130003
130004
130005
130006
130007
130008
130009
130010
130011
130012
130013
130014
130015
130016
130017
130018
130019
130020
130021
130022
130023
130024
130025
130026
130027
131000
131001
131002
131003
131004
131005
131006
131007
131008
131009
131010
131011
131012
131013
131014
131015
131016
131017
131019
131020
131021
131022
131023
131024
131025
131026
131027
131028
101001
101002
101003
101004
101005
101006
101007
101008
101101
101102
101103
101104
101105
101106
101107
101108
101109
101110
101111
101112
101113
101114
101115
101201
101202
101203
101204
101205
101206
101207
101208
101209
101210
101211
101212
101213
101214
101215
101216
101217
101218
101219
101220
101221
101225
101226
101227
101228
101301
101302
101303
101304
101305
101306
101307
101308
101309
101310
101311
101312
101313
101314
101315
101316
101317
101401
101402
101403
101404
100003
100004
100006
100007
100008
100009
100010
100101
100102
100103
100104
100105
100106
100107
100108
100109
100110
100111
100112
100113
100114
100115
100120
100121
100122
100123
100124
100125
100126
100131
100132
100133
100134
100135
100136
100137
100138
100139
100140
100141
100142
100143
100144
100145
100146
100147
100148
100149
100151
100152
100153
100154
100158
100159
100160
100161
100162
100163
100164
100165
100171
100172
100173
100174
100175
100176
100177
100178
100179
100180
100181
100182
100183
100184
100185
100186
100187
100188
100189
100190
100191
100192
100193
100194
100195
100196
100197
100198
100199
100200
100201
100202
100203
100204
100205
100206
100207
100208
100210
100211
100212
100213
100214
100215
100216
100217
100218
100219
100220
100221
100222
100223
100224
100225
100226
100227
100228
100229
100230
100239
100240
100241
100231
100232
100245
100246
100233
100234
100235
100237
100238
100242
100243
100244
100236
100301
100302
100303
100304
100305
100306
100307
100308
100309
100310
100311
100312
100313
100314
100315
100316
100317
100318
100319
100320
100321
100322
100323
100324
100325
100326
100327
100328
100329
100330
100331
100332
100333
100334
100335
100336
100337
100338
100339
100340
100341
100342
100343
100344
100345
100346
100347
100348
100349
100350
100351
100352
100353
100354
100355
100356
100357
100358
100359
100360
100361
100362
100363
100364
100365
100366
100367
100368
100369
100370
100371
100372
100373
100374
100375
100376
100377
100378
100379
100380
100381
100382
100383
100384
100385
100386
100387
100388
100389
100390
100391
100392
100393
100394
100395
100396
100397
100398
100399
100400
100401
100402
100403
100404
100405
100406
100407
100408
100409
100410
100411
100412
100413
100414
100415
100416
100417
100418
100419
100420
100421
100422
100423
100424
100425
100426
100427
100428
100429
100430
100431
100432
100433
100434
100435
100436
100437
100438
100439
100440
100441
100442
100443
100444
100445
100450
100451
100452
100453
100454
100455
100456
100457
100458
100459
100460
100461
100462
100463
100464
100465
100466
100467
100468
100469
100470
100471
100472
100473
100474
100475
100476
100477
100478
100479
100480
100481
100482
100483
100484
100485
100486
100487
100488
100489
100490
100491
100492
100493
100494
100495
100496
100497
100498
100499
100500
100501
100502
100503
100504
100505
100506
100507
100508
100509
100510
100511
100512
100513
100514
100515
100516
100517
100518
100519
100520
100521
100522
100523
100524
100525
100526
100527
100528
100529
100530
100531
100532
100533
100534
100535
100536
100537
100538
100539
100540
100541
100542
100543
100544
100549
100550
100551
100552
100553
100554
100555
100556
100557
100558
100559
100560
100561
100562
100563
100564
100565
100566
100567
100568
100569
100570
100571
100572
100573
100574
100575
100576
100577
100578
100579
100580
100581
100582
100583
100584
100585
100586
100587
100588
100589
100590
100591
100592
100593
100594
100595
100596
100597
100598
100599
100600
100601
100602
100603
100604
100605
100606
100607
100608
100609
100610
100611
100612
100613
100614
100615
100616
100617
100618
100619
100620
100621
100622
100623
100624
100625
100631
100636
100637
100638
100639
100640
100641
100642
100643
100644
100645
100692
100693
100646
100647
100648
100649
100650
100651
100652
100653
100654
100655
100656
100657
100658
100659
100660
100661
100662
100663
100664
100665
100666
100667
100689
100690
100691
100700
100701
100702
100703
100711
100712
100668
100669
100670
100671
100672
100673
100674
100675
100676
100677
100678
100679
100680
100686
100687
100688
100694
100695
100696
100697
100698
100730
100731
100732
100733
100734
100735
100736
100737
100738
100757
100758
100768
100769
100770
100771
100772
100773
100774
100775
100776
100777
100778
100789
100790
100791
100792
100793
100794
100795
100796
100797
100798
100799
100800
100801
100802
100803
100804
100805
100806
100807
100808
100809
100810
100811
100812
100813
100814
100815
100816
100817
100818
100819
100820
100821
100822
100823
100824
100825
100830
100831
100847
100848
100849
100850
100860
100885
100886
100887
100888
100889
100890
100891
102001
102002
102003
102004
102005
102006
102007
102008
103001
103002
103003
103004
103005
103006
103007
103008
104001
104002
104003
104011
104012
104013
104101
104102
104103
104104
104111
104112
104113
104114
104121
104122
104123
104124
104131
104132
104133
104134
104141
104142
104143
104144
104151
104152
104153
104154
104161
104162
104163
104164
104171
104172
104173
104174
104201
104301
104302
104303
104304
104305
104306
104307
104308
104309
104310
104311
104312
104313
104314
104315
104316
104317
104318
104319
104320
104321
104322
104323
104324
104325
104326
104327
104328
104329
104330
104331
104332
104333
104334
104335
104336
104337
105001
105002
105003
105004
106000
106001
107001
107002
107003
107004
107005
107006
107007
107008
107009
107010
107011
107012
107013
107014
107015
107016
107017
107018
100716
100717
100718
100719
100720
100727
100725
100726
100728
100729
100739
100740
100741
100742
100743
100744
100745
100746
100747
100748
100749
100750
100751
100752
100753
100754
100755
100756
100759
100760
100761
100762
100763
100764
100765
100766
100767
100779
100780
100781
100782
100783
100784
100785
100786
100787
100788
100826
100827
100828
100829
100832
100833
100834
100835
100836
100837
100838
100839
100840
100841
100842
100843
100844
100845
100846
100851
100852
100853
100854
100855
100856
100857
100858
100859
100861
100862
100863
100864
100865
100866
100867
100868
100869
100870
100871
100872
100873
100874
100875
100876
100880
100881
100882
100883
100884
100892
100893
100894
100895
100896
100897
100898
100899
100900
100901
100902
100903
100904
100905
100906
100907
100908
100909
100910
100911
100912
100913
100914
100915
100916
100917
100918
100919
100920
100921
100922
100923
100924
100925
100926
100927
100928
100929
100930
100931
100932
100933
100934
100935
100936
100937
100938
100939
100940
100941
100942
100943
100944
100945
100946
100947
100948
100949
100950
100951
100952
100953
100954
100955
100956
100957
100958
100959
100960
100961
100962
100963
100964
100965
100966
100967
100968
100969
100970
100971
100972
100973
100974
100975
100986
100987
100976
100977
100978
100979
100980
100981
100982
100983
100984
100985
100988
100989
100990
100991
100992
100993
100994
100995
100996
100997
100998
100999
101000
101809
101810
101811
101812
101813
101814
101815
101816
101817
101818
101819
101820
101821
101822
101823
101824
101825
101826
101827
101828
101829
101830
101831
101832
101833
101835
101836
101837
101838
101839
101840
101841
101842
101843
101847
101848
101849
101850
101851
101852
101853
101854
101855
101856
101857
101858
101859
101860
101861
101862
101863
101864
101865
101894
101895
101896
101897
101898
101899
101900
101901
101902
101903
101904
101905
101906
101907
101911
101912
101913
101914
101915
101916
101917
101918
101919
101920
101921
101922
101923
101924
101925
101926
101927
101928
101929
101930
101931
101932
101933
101934
101935
101936
101937
101941
101942
101944
101945
101946
101947
101948
101949
101950
101951
101952
101953
101954
101962
101963
101964
101523
101524
101525
101526
101527
101528
101529
101530
101531
101532
101533
101534
101535
101536
101537
101541
101540
101542
101543
101544
101545
101546
101547
101548
101549
101550
101551
101552
101553
101554
101555
101556
101557
101558
101559
101560
101561
101570
101501
101502
101503
101504
101505
101506
101507
101508
101509
101510
101511
101512
101513
101514
101515
101516
101517
101518
101539
101519
101520
101521
101522
101538
101571
101572
101573
101574
101575
101576
101577
101578
101579
101580
101581
101582
101583
101584
101585
101586
101587
101588
101589
101590
101591
101592
101593
101594
101595
101596
101597
101598
101599
101600
101601
101602
101603
101604
101605
101606
101607
101608
101609
101610
101611
101612
101613
101614
101615
101616
101617
101618
101619
101620
101621
101622
101623
101624
101625
101626
101627
101628
101629
101630
101631
101632
101633
101634
101635
101636
101637
101638
101639
101640
101641
101642
101643
101644
101645
101648
101649
101650
101651
101652
101654
101655
101656
101657
101658
101659
101660
101661
101662
101663
101664
101665
101666
101667
101668
101669
101670
101671
101672
101673
101674
101675
101676
101677
101678
101679
101680
101681
101682
101683
101684
101685
101686
101687
101688
101689
101690
101691
101692
101693
101694
101695
101696
101697
101698
101699
101700
101701
101702
101703
101704
101706
101707
101708
101709
101710
101711
101712
101713
101714
101715
101719
101720
101721
101722
101723
101724
101725
101726
101727
101728
101729
101730
101731
101732
101733
101734
101735
101736
101737
101738
101739
101740
101741
101742
101743
101744
101745
101746
101747
101748
101749
101750
101751
101752
101753
101754
101755
101756
101757
101758
101759
101760
101761
101762
101763
101764
101765
101766
101767
101768
101769
101770
101771
101772
101773
101774
101775
101776
101777
101778
101779
101780
101781
101782
101783
101784
101785
101786
101787
101788
101789
101790
101791
101792
101793
101794
101795
101796
101797
101798
101799
101800
101801
101802
101803
101804
101805
101806
101807
101808
101834
101866
101867
101868
101869
101870
101871
101872
101873
101874
101875
101876
101877
101878
101879
101880
101881
101882
101883
101884
101885
101886
101887
101888
101889
101890
101891
101892
101893
101908
101909
101910
101938
101939
101940
101943
101955
101956
101957
101958
101959
101960
101961
101965
101966
101967
101968
101969
101970
101971
101972
101973
101974
101975
101976
101977
101978
101979
101980
101981
101982
101983
101984
101985
101986
101987
101988
101989
101990
101991
101992
101993
101994
101995
101996
101997
101998
101999
108000
108001
108002
108003
108004
108005
108006
108007
108008
108009
108010
108011
108012
108013
108014
108015
108016
108017
108018
108019
108020
108021
108022
108023
108024
108025
108026
108027
108028
108029
108030
108031
108032
108033
108034
108035
108036
108037
108038
108039
108040
108041
108042
108043
108044
108045
108046
108047
108048
108049
108050
108051
108052
108053
108054
108055
108056
108057
108058
108059
108060
108061
108062
108063
108064
108065
108066
108067
108068
108069
108070
108071
108072
108073
108074
108075
108076
108077
108078
108079
108080
108081
108082
108083
108084
108085
108086
108087
108088
108089
108090
108091
108092
108093
108094
108095
108096
108097
108098
108099
108100
108101
108102
108103
108104
108105
108106
108107
108108
108109
108110
108111
108112
108113
108114
108115
108116
108117
108118
108119
108120
108121
108122
108123
108124
108125
108126
108127
108128
108129
108130
108131
108132
108133
108134
108135
108136
108137
108138
108139
108140
108141
108142
108143
108144
108145
108146
108147
108148
108149
108150
108151
108152
108153
108154
108155
108156
108157
108158
108159
108160
108161
108162
108163
108164
108165
108166
108167
108168
108169
108170
108171
108172
108173
108174
108175
108176
108177
108178
108179
108180
108181
108182
108183
108184
108185
108186
108187
108188
108189
108190
108191
108192
108193
108194
108195
108196
108197
108198
108199
108200
108201
108202
108203
108204
108205
108206
108207
108208
108209
108210
108211
108212
108213
108214
108215
108216
108217
108218
108219
108220
108221
108222
108223
108224
108225
108226
108227
108228
108229
108230
108231
108232
108233
108234
108235
108236
108237
108238
108239
108240
108241
108242
108243
108244
108245
108246
108247
108248
108249
108250
108251
108252
108253
108254
108255
108256
108257
108258
108259
108260
108261
108262
108263
108264
108265
108266
108267
108268
108269
108270
108271
108272
108273
108274
108275
108276
108277
108278
108279
108280
108281
108282
108283
108284
108285
108286
108287
108288
108289
108290
108291
108292
108293
108294
108295
108296
108297
108298
108299
108300
108301
108302
108303
108304
108305
108306
108307
108308
108309
108310
108311
108312
108313
108314
108315
108316
108317
108318
108319
108320
108321
108322
108323
108324
108325
108326
108327
108328
108329
108330
108331
108332
108333
108334
108335
108336
108337
108338
108339
108340
108341
108342
108343
108344
108345
108346
108347
108348
108349
108350
108351
108352
108353
108354
108355
108356
108357
108358
108359
108360
108361
108362
108363
108364
108365
108366
108367
108368
108369
108370
108371
108372
108373
108374
108375
108376
108377
108378
108379
108380
108381
108382
108383
108384
108385
108386
108387
108388
108389
108390
108391
108392
108393
108394
108395
108396
108397
108398
108399
108400
108401
108402
108403
108404
108405
108406
108407
108408
108409
108410
108411
108412
108413
108414
108415
108416
108417
108418
108419
108420
108421
108422
108423
108424
108425
108426
108427
108428
108429
108430
108431
108432
108433
108434
108435
108436
108437
108438
108439
108440
108441
108442
108443
108444
108445
108446
108447
108448
108449
108450
108451
108452
108453
108454
108455
108456
108457
108458
108459
108460
108461
108462
108463
108464
108465
108466
108467
108468
108469
108470
108471
108472
108473
108474
109000
109101
109102
109103
109104
109106
109107
109201
109202
109203
109204
109205
109206
109207
109301
109302
109303
109304
109401
109402
109403
109404
109405
109406
109407
109408
109409
109410
109411
109412
109413
109414
109415
109416
109417
109418
109419
109420
109421
109422
109423
109424
109425
109426
109427
109428
109429
109430
109431
109432
109433
109434
109435
109436
109437
109438
109439
109440
109441
109442
109443
109444
109445
109446
109447
109448
109449
109450
109451
109452
109453
109454
109455
109456
109457
109458
109459
109460
109461
109462
109463
109464
109465
109466
109467
109468
109469
109470
109471
109472
109473
109474
109475
109476
109477
109478
109479
109480
109481
109482
109483
109484
109485
109486
109487
109488
109489
109490
109491
109492
109493
109494
109495
109496
109497
109498
109499
109500
109501
109502
109503
109504
109505
109506
109507
109508
109509
109510
109511
109512
109513
109514
109515
109516
109517
110000
110001
110002
110003
110004
110005
110006
110008
110009
110010
110011
110012
110013
110014
111006
111007
111008
111009
111010
111011
111012
111013
111014
111015
111016
111017
111018
111019
111020
111021
111022
111023
111024
111025
111026
111027
111028
112001
112002
112003
112004
112005
112006
112007
112008
112009
112010
112011
112012
112013
112014
112015
112016
112017
112018
112019
112020
112021
112022
112023
112024
112025
112026
112027
112028
112029
112030
112031
112032
112033
112034
112035
112036
112037
112038
112039
112040
112041
112042
112043
112044
112045
112046
112047
112048
112049
112050
112051
112052
112053
112054
112055
112056
112057
112058
112059
112060
112061
112062
112063
112064
112065
112066
112067
112068
112069
112070
112071
112072
112073
113001
113002
113003
113004
113005
113006
113007
113008
113009
113010
113011
113012
113013
113014
113015
113016
113017
113018
113019
113020
113021
113022
113023
113024
113025
113026
113027
113028
113029
113030
113031
113032
113033
113034
113035
113036
113037
113038
113039
113040
113041
113042
113043
114001
114002
114003
114004
114005
114006
114007
114008
114009
114010
114011
114012
114013
114014
114015
114016
114017
114018
114019
114020
114021
114022
114023
114024
114025
114026
114027
114028
114029
114030
114031
114032
114033
114034
114035
114036
114037
114038
114039
114040
114041
114042
114043
114044
114045
114046
114047
114048
115001
115002
115003
115004
115005
115006
115007
115008
115009
115010
115011
115012
115013
115014
115015
115016
115017
115018
115019
115020
115021
115022
115023
115024
115025
115026
115027
115028
115029
115030
115031
115032
115034
115035
115037
115038
115039
115040
116001
116002
116003
116004
116005
116006
116007
116008
116009
116010
116011
116012
116013
117001
117002
117003
117004
117005
117006
117007
117008
117009
118001
118002
118003
118004
118005
118006
120000
120001
120002
120003
120004
120005
120006
120007
120008
120009
120010
120011
120012
120013
120014
120015
120016
120017
120018
120019
120020
120021
120022
120023
120024
120025
120026
120027
120028
120029
120030
120031
120032
120033
120034
120035
120036
120037
120038
120039
120040
120041
120042
120043
120044
120045
120046
120047
120048
120049
120050
120051
120052
120053
120054
120055
120056
120057
120058
120059
120060
120061
120062
120063
120065
120066
120067
120068
120069
120070
120071
120072
120073
120074
120075
120076
120077
120078
120079
120080
120081
120082
120083
120084
120113
120114
120115
120116
120117
120118
120119
120120
120121
120122
120123
120125
120126
120127
120128
120129
120130
120131
120132
120133
120134
120135
120136
120137
120138
120139
120140
120141
120152
120153
120154
120155
120156
120157
120158
120159
120160
120161
120180
120181
140001
140002
140003
140004
140005
140006
140007
140008
140009
140010
141001
141002
141003
141004
141005
141006
141007
141008
141009
141010
141011
141012
141013
141014
141015
141016
141017
141018
141019
141020
141021
141022
141023
141024
141025
141026
141027
141028
141029
141030
141031
141032
141033
141034
141035
141036
141037
141038
141039
141040
141041
141042
141043
141044
141045
141046
141047
141048
141049
141050
141051
141052
141053
141054
141055
141056
141057
141058
141059
141060
141061
141062
141063
141064
141065
141066
141067
141068
141069
141070
141071
141072
141073
141074
141075
141076
141077
141078
141079
141080
141081
141082
141083
141084
141085
141086
141087
200001
200002
200003
200004
200101
200102
200103
200104
200105
200106
200107
200108
200109
200110
200111
200112
200201
200202
200203
200204
200205
200206
200207
200208
200209
200210
200211
200212
200213
200214
200215
200216
200217
200218
200219
200220
200221
200222
200223
200224
200225
200226
200227
200228
200229
200230
200231
200232
200233
200234
200235
200236
200237
200238
200239
200240
200241
200242
200243
200244
200245
200246
200247
200248
200249
200250
200251
200252
200253
200254
200255
200256
200257
200258
200259
200260
200261
200262
200900
200901
200902
200903
200904
200905
210001
210002
210003
210004
210005
210006
210007
210008
210009
210010
210011
210012
210013
210014
210015
210016
210017
210018
210019
210020
210021
210022
210023
210024
210025
210026
210027
210028
210029
210030
210031
210032
210033
210038
210039
210040
210041
210042
210043
210044
210045
210046
210047
210048
210049
210050
210051
210052
210053
210054
210055
210056
210057
210058
210059
210060
210061
210062
210063
210064
210065
210066
210067
210068
210069
210070
210071
210072
210073
210074
210075
210076
210077
210078
210079
210080
210081
210082
210083
210084
210085
210086
210087
210088
210089
210090
210091
210092
210093
210094
210095
210096
210097
210098
210099
210100
210101
210102
210103
210104
210105
210106
210107
210108
210109
210110
210111
210112
210113
210114
210115
210116
210117
210118
210119
210120
210121
210122
210123
210124
210125
210126
210127
210128
210129
210130
210131
210132
210133
210134
210135
210136
210137
210138
210139
210140
210141
210142
100545
100546
100547
100548
100626
100627
100628
100629
100630
100632
100633
100634
100635
100681
100682
100683
100684
100685
100699
100704
100705
100706
100707
100708
100709
100710
100713
100714
100715
100721
100722
100723
100724
101716
101717
220001
220002
220003
220004
220005
220006
220007
220008
220009
220013
220014
220015
220016
220017
220018
220019
220020
220021
220022
220023
220024
220025
220026
220027
220028
220029
220030
220031
220032
220033
220034
220035
220036
220037
220038
220039
220040
220041
220042
220043
220044
220045
220046
220047
220048
220049
220050
220051
220052
220053
220054
220055
220057
220058
220059
220060
220061
220062
220063
220064
220065
220066
220067
220068
220069
220070
220071
220073
220074
221001
221002
221003
221004
221005
221006
221007
221008
221009
221017
221032
221034
221035
221036
221037
221038
221039
221057
221058
221010
221011
221012
221013
221014
221015
221016
221018
221019
221020
221021
221022
221023
222001
222002
223001
223002
223003
223004
223005
223006
223007
223008
223009
223010
223011
223012
340000
340001
340002
340003
340004
340005
340006
340007
340008
340009
350001
350002
350003
350004
350005
350006
350007
350008
350009
350010
350011
350012
350013
350014
350015
350016
350017
350018
350019
350020
350021
350022
350023
350024
350025
350026
350027
350028
350029
350030
380101
380102
380201
380202
380301
380302
380401
380402
380403
380404
380405
381101
381102
381103
381104
381105
381106
381201
381202
381203
381204
381205
381206
381207
381208
381301
381302
381303
381304
381305
381306
381307
381308
381309
381310
381311
381401
381402
381501
382101
382102
382103
382104
382105
382106
382201
382202
382203
382204
382205
382206
382207
382301
382302
382303
382304
383101
383102
383103
383104
383201
383202
383203
383204
383205
383301
383302
383303
383304
383305
383306
383307
383308
383309
384101
384102
384103
384104
384105
384106
384201
384202
384203
384204
384205
384206
384207
384208
384209
384210
384211
390101
390102
390103
390104
390105
390106
390107
390108
390201
390202
390203
390204
390205
390206
390207
390208
390301
390302
390303
390304
390305
390306
390307
390308
390309
390401
390402
390501
390502
390503
390504
391101
391102
391103
391201
391202
391203
391204
393101
393102
393103
393104
393105
393106
393107
393108
393109
393110
393111
393112
393113
393114
393201
393202
393301
393302
393303
393304
393305
393306
393307
393308
393309
393310
393401
393402
393403
393404
393405
394101
394102
394103
394104
394105
394201
394202
394301
394302
394303
394304
394305
394306
394307
394308
394309
394401
394402
382208
390109
390110
391205
391206
391207
391208
391209
391210
391211
391104
380406
382209
393115
393203
394106
394107
394108
393116
391107
393117
393118
393311
393312
393119
383310
394310
394311
394403
393120
394404
393313
393121
393122
393123
393124
394203
391109
394312
383312
394204
393125
393204
393406
390601
390602
390310
391110
393126
393127
393407
393408
393409
393601
350033
350034
350035
350036
350037
350038
350039
350040
350041
350042
350043
350044
350045
350046
350047
394501
394502
394503
380103
380303
380203
391212
391213
391214
391215
390603
390604
390605
390606
390607
390608
390609
390610
390611
390612
390613
390614
390615
390616
390617
390505
390507
391216
391217
390618
390619
390620
390621
391218
391219
391220
391112
390623
393315
393128
390508
390509
390624
390625
391221
391222
390510
390511
390626
391113
391114
391115
390627
391223
391224
391225
391226
394313
394205
393410
393411
393412
393413
393414
393415
393416
393316
393317
393318
393319
393320
393321
393322
393323
393324
393325
393326
393129
393130
393131
393327
393328
393329
393330
393331
394109
394110
394111
393332
393132
393133
383313
382210
383206
383207
383208
383314
381313
390111
380407
380408
380409
380410
380411
380412
380413
380414
381502
382108
384107
384108
384109
384110
381209
381210
390112
390113
390114
382211
382212
382213
390115
382214
382215
382216
381314
383315
383316
383317
383318
381403
390512
391116
391227
391228
391229
381315
381316
391230
393333
350048
350049
350050
350051
350052
350053
350054
350055
350056
350057
350058
350059
384501
394504
391117
382218
382219
393337
390513
390514
390515
393134
393338
393339
380415
380416
392107
390628
390629
390630
391118
390516
390517
393343
393344
393137
393138
390116
394315
394207
394316
393346
393347
394505
391119
391120
380418
393141
383106
383322
390518
393350
393351
393352
393353
393354
393602
382221
382222
382223
382224
382225
382226
382227
383325
383326
382305
382306
382307
390701
390702
390703
390704
390311
390312
390313
390314
390315
390316
390317
390318
390319
391235
391236
393142
393143
393144
393145
393146
393355
393356
393357
393358
393359
393360
380419
380420
381317
381107
390320
390321
380421
381318
381503
382228
382229
381504
381505
382231
383107
381108
381212
382308
382309
384213
384214
384215
383330
383331
383332
390705
390706
390707
390708
390709
390710
391122
391123
391124
391125
391237
391238
391239
350060
350061
350062
350063
350064
350065
350066
350067
350068
350069
350070
350071
350072
350073
380104
380204
380304
380504
390711
390712
390713
390714
390715
390716
392606
392607
381319
381320
381321
381506
382233
382234
383335
383336
383337
382109
382110
382111
383108
381404
381405
381109
381110
381213
381214
384216
382235
382236
382237
390718
390719
390720
390721
390722
390723
390724
390726
390727
390728
390729
393361
391126
391127
380422
380423
380424
