索引ID	ScheduleID	试玩表ID
1	5022001	1042
2	5022001	1038
3	5022001	1041
4	5022001	1021
5	5022001	1014
6	5022001	1024
7	5022001	1043
8	5022001	1034
9	5022001	1044
10	5022001	1039
11	5054001	6006
12	5054001	6007
13	5054001	6008
14	5054001	6009
15	5054001	6010
16	5054001	6011
17	5054001	6012
18	5054001	6001
19	5054001	6005
20	5054001	6015
21	5054001	6016
22	5054001	6017
23	5054001	6018
24	5054001	6019
25	5054001	6020
26	5054001	6021
27	5054001	6022
28	5054001	6023
29	5054001	6025
30	5054001	6026
31	5054001	6027
32	5054001	6028
33	5054001	6029
34	5114001	6000
35	5114001	6041
36	5114001	6038
37	5114001	6005
38	5114001	6010
39	5114001	6025
40	5114001	6056
41	5114001	6053
42	5114001	6029
43	5114001	6048
44	5114001	6049
45	5114001	6052
46	5114001	6033
47	5114001	6009
48	5114001	6037
49	5114001	6028
50	5114001	6018
51	5114001	6021
52	5114001	6046
53	5114001	6043
54	5114001	6039
55	5114001	6054
56	5114001	6036
57	5114001	6023
58	5114001	6040
59	5114001	6055
60	5114001	6051
61	5114001	6057
