名字编号	名字库编号	是否用于随机	编辑器可用
10001	10001		1
10002	10001		1
10003	10001		1
10004	10001		1
10005	10001		1
10006	10001		1
10007	10001		1
10008	10001		1
10009	10001		1
10010	10001		1
10011	10001		1
10012	10001		1
10013	10001		1
10014	10001		1
10015	10001		1
10016	10001		1
10017	10001		1
10018	10001		1
10019	10001		1
10020	10001		1
10021	10001		1
10022	10001		1
10023	10001		1
10024	10001		1
10025	10001		1
10026	10001		1
10027	10001		1
10028	10001		1
10029	10001		1
10030	10001		1
10031	10001		1
10032	10001		1
10033	10001		1
10034	10001		1
10035	10001		1
10036	10001		1
10037	10001		1
10038	10001		1
10039	10001		1
10040	10001		1
10041	10001		1
10042	10001		1
10043	10001		1
10044	10001		1
10045	10001		1
10046	10001		1
10047	10001		1
10048	10001		1
10049	10001		1
10050	10001		1
10051	10001		1
10052	10001		1
10053	10001		1
10054	10001		1
10055	10001		1
10056	10001		1
10057	10001		1
10058	10001		1
10059	10001		1
10060	10001		1
10061	10001		1
10062	10001		1
10063	10001		1
10064	10001		1
10065	10001		1
10066	10001		1
10067	10001		1
10068	10001		1
10069	10001		1
10070	10001		1
10071	10001		1
10072	10001		1
10073	10001		1
10074	10001		1
10075	10001		1
10076	10001		1
10077	10001		1
10078	10001		1
10079	10001		1
10080	10001		1
10081	10001		1
10082	10001		1
10083	10001		1
10084	10001		1
10085	10001		1
10086	10001		1
10087	10001		1
10088	10001		1
10089	10001		1
10090	10001		1
10091	10001		1
10092	10001		1
10093	10001		1
10094	10001		1
10095	10001		1
10096	10001		1
10097	10001		1
10099	10001		1
10100	10001		1
10101	10001		1
10102	10001		1
10103	10001		1
10104	10001		1
10105	10001		1
10106	10001		1
10107	10001		1
10108	10001		1
10109	10001		1
10110	10001		1
10111	10001		1
10112	10001		1
10113	10001		1
10114	10001		1
10115	10001		1
10116	10001		1
10117	10001		1
10118	10001		1
10119	10001		1
10120	10001		1
10121	10001		1
10122	10001		1
10123	10001		1
10124	10001		1
10125	10001		1
10126	10001		1
10127	10001		1
10128	10001		1
10129	10001		1
10130	10001		1
10131	10001		1
10132	10001		1
10133	10001		1
10134	10001		1
10135	10001		1
10136	10001		1
10137	10001		1
10138	10001		1
10139	10001		1
10140	10001		1
10141	10001		1
10142	10001		1
10143	10001		1
10144	10001		1
10145	10001		1
10146	10001		1
10147	10001		1
10148	10001		1
10149	10001		1
10150	10001		1
10151	10001		1
10152	10001		1
10153	10001		1
10154	10001		1
10155	10001		1
10156	10001		1
10157	10001		1
10158	10001		1
10159	10001		1
10160	10001		1
10161	10001		1
10162	10001		1
10163	10001		1
10164	10001		1
10165	10001		1
10166	10001		1
10167	10001		1
10168	10001		1
10169	10001		1
10170	10001		1
10171	10001		1
10172	10001		1
10173	10001		1
10174	10001		1
10175	10001		1
10176	10001		1
10177	10001		1
10178	10001		1
10179	10128		1
10180	10001		1
10181	10001		1
10182	10001		1
10183	10001		1
10184	10001		1
10185	10001		1
10186	10001		1
10187	10132		1
10188	10133		1
10189	10134		1
10190	10001		1
10191	10001		1
10192	10001		1
10193	10001		1
10194	10001		1
10195	10001		1
10196	10001		1
10197	10001		1
1	101		1
2	101		1
3	111		1
4	111		1
5	121		1
6	131		1
7	141		1
8	151		1
9	152		1
10	142		1
11	153		1
12	161		1
13	1001		
14	1101		
15	1102		
16	1103		
17	1111		
18	1201		
19	2101		
20	2111	1	
21	2111	1	
22	2111	1	
23	2112	1	
24	2112	1	
25	2112	1	
26	2113	1	
27	2113	1	
28	2113	1	
29	2201	1	
30	2201	1	
31	2201	1	
32	2201	1	
33	2201	1	
34	2201	1	
35	2201	1	
36	2201	1	
37	2202	1	
38	2221		
39	2001		
40	2002		
41	2003		
42	2004		
43	2005		
44	2006		
45	2007		
46	3001		
47	3090		
48	3101	1	
49	3101	1	
50	3101	1	
51	3101	1	
52	3101	1	
53	3101	1	
54	3101	1	
55	3101	1	
56	3101	1	
57	3101	1	
58	3101	1	
59	3101	1	
60	3101	1	
61	3101	1	
62	3101	1	
63	3101	1	
64	3101	1	
65	3101	1	
66	3101	1	
67	3101	1	
68	3101	1	
69	3101	1	
70	3101	1	
71	3101	1	
72	3101	1	
73	3101	1	
74	3101	1	
75	3101	1	
76	3101	1	
77	3101	1	
78	3101	1	
79	3111	1	
80	3112	1	
81	3113	1	
82	3201	1	
83	3201	1	
84	3201	1	
85	3201	1	
86	3201	1	
87	3201	1	
88	3202	1	
89	3202	1	
90	3202	1	
91	3202	1	
92	3202	1	
93	3202	1	
94	3202	1	
95	3203	1	
96	3203	1	
97	3203	1	
98	3203	1	
99	3203	1	
100	3203	1	
101	3203	1	
102	3204	1	
103	3204	1	
104	3204	1	
105	3204	1	
106	3204	1	
107	3204	1	
108	3204	1	
109	3205	1	
110	3205	1	
111	3205	1	
112	3205	1	
113	3205	1	
114	3205	1	
115	3205	1	
116	3205	1	
117	3206	1	
118	3206	1	
119	3206	1	
120	3206	1	
121	3206	1	
122	3206	1	
123	4001	1	
124	4001	1	
125	4001	1	
126	4001	1	
127	4001	1	
128	4001	1	
129	4001	1	
130	4001	1	
131	4001	1	
132	4001	1	
133	4001	1	
134	4001	1	
135	4001	1	
136	4001	1	
137	4001	1	
138	4001	1	
139	4001	1	
140	4001	1	
141	4001	1	
142	4001	1	
143	4001	1	
144	4001	1	
145	4001	1	
146	4001	1	
147	4001	1	
148	4001	1	
149	4001	1	
150	4001	1	
151	4001	1	
152	4001	1	
153	4011	1	
154	4011	1	
155	4011	1	
156	4011	1	
157	4011	1	
158	4011	1	
159	4011	1	
160	4011	1	
161	4011	1	
162	4011	1	
163	4021	1	
164	4021	1	
165	4021	1	
166	4021	1	
167	4021	1	
168	4021	1	
169	4021	1	
170	4021	1	
171	4021	1	
172	4021	1	
173	4022		
174	4031	1	
175	4041	1	
176	4051	1	
177	4052	1	
178	4053	1	
179	4061	1	
180	4061	1	
181	4061	1	
182	4061	1	
183	4061	1	
184	4061	1	
185	4061	1	
186	4061	1	
187	4061	1	
188	4061	1	
189	5001	1	
190	5001	1	
191	5001	1	
192	5001	1	
193	5001	1	
194	5001	1	
195	5001	1	
196	5001	1	
197	5001	1	
198	5001	1	
199	5001	1	
200	5001	1	
201	5001	1	
202	5001	1	
203	5001	1	
204	5001	1	
205	5001	1	
206	5001	1	
207	5001	1	
208	5001	1	
209	5001	1	
210	5001	1	
211	5001	1	
212	5001	1	
213	5001	1	
214	5001	1	
215	5001	1	
216	5001	1	
217	5001	1	
218	5001	1	
219	5001	1	
220	5001	1	
221	5002	1	
222	5002	1	
223	5002	1	
224	5002	1	
225	5002	1	
226	5002	1	
227	5002	1	
228	5002	1	
229	5002	1	
230	5002	1	
231	5002	1	
232	5002	1	
233	5002	1	
234	5002	1	
235	5002	1	
236	5002	1	
237	5002	1	
238	5002	1	
239	5002	1	
240	5002	1	
241	5002	1	
242	5002	1	
243	5002	1	
244	5002	1	
245	5002	1	
246	5002	1	
247	5002	1	
248	5002	1	
249	5002	1	
250	5002	1	
251	5002	1	
252	5002	1	
253	5002	1	
254	5002	1	
255	5002	1	
256	5002	1	
257	5002	1	
258	5002	1	
259	5002	1	
260	5002	1	
261	6001	1	
262	6001	1	
263	6001	1	
264	6001	1	
265	6001	1	
266	6001	1	
267	6001	1	
268	6001	1	
269	6001	1	
270	6001	1	
271	6001	1	
272	6001	1	
273	6001	1	
274	6001	1	
275	6001	1	
276	6001	1	
277	6001	1	
278	6001	1	
279	6001	1	
280	6001	1	
281	6001	1	
282	6001	1	
283	6001	1	
284	6001	1	
285	6001	1	
286	6001	1	
287	6001	1	
288	6001	1	
289	6001	1	
290	6001	1	
291	6001	1	
292	6001	1	
293	6001	1	
294	6002	1	
295	6002	1	
296	6002	1	
297	6002	1	
298	6002	1	
299	6002	1	
300	6002	1	
301	6002	1	
302	6002	1	
303	6002	1	
304	6002	1	
305	6002	1	
306	6002	1	
307	6002	1	
308	6002	1	
309	6002	1	
310	6002	1	
311	6002	1	
312	6002	1	
313	6002	1	
314	6002	1	
315	6002	1	
316	6002	1	
317	6002	1	
318	6002	1	
319	6002	1	
320	6002	1	
321	6002	1	
322	6002	1	
323	6002	1	
324	6003	1	
325	6003	1	
326	6003	1	
327	6003	1	
328	6003	1	
329	6003	1	
330	6003	1	
331	6003	1	
332	6003	1	
333	6003	1	
334	6003	1	
335	6003	1	
336	6003	1	
337	6003	1	
338	6004	1	
339	6005	1	
340	6005	1	
341	6005	1	
342	6005	1	
343	6005	1	
344	6005	1	
345	6005	1	
346	6005	1	
347	6005	1	
348	6005	1	
349	6005	1	
350	6005	1	
351	6005	1	
352	6005	1	
353	6005	1	
354	6005	1	
355	6005	1	
356	6005	1	
357	6005	1	
358	6005	1	
359	6007	1	
360	6011	1	
361	6011	1	
362	6011	1	
363	6011	1	
364	6011	1	
365	6011	1	
366	6011	1	
367	6011	1	
368	6011	1	
369	6011	1	
370	6011	1	
371	6011	1	
372	6011	1	
373	6011	1	
374	6011	1	
375	6011	1	
376	6101	1	
377	6111	1	
378	6121	1	
379	7001	1	
380	7001	1	
381	7001	1	
382	7001	1	
383	7001	1	
384	7001	1	
385	7001	1	
386	7001	1	
387	7001	1	
388	7001	1	
389	7001	1	
390	7001	1	
391	7001	1	
392	7001	1	
393	7001	1	
394	7001	1	
395	7001	1	
396	7001	1	
397	7001	1	
398	7001	1	
399	7001	1	
400	7001	1	
401	7001	1	
402	7001	1	
403	7001	1	
404	7001	1	
405	7001	1	
406	7001	1	
407	7001	1	
408	7002	1	
409	7002	1	
410	7002	1	
411	7002	1	
412	7002	1	
413	7002	1	
414	7002	1	
415	7002	1	
416	7002	1	
417	7002	1	
418	7002	1	
419	7002	1	
420	7005		
421	7006		
422	7007		
423	7008		
424	7011	1	
425	7011	1	
426	7011	1	
427	7011	1	
428	7011	1	
429	7011	1	
430	7011	1	
431	7011	1	
432	7011	1	
433	7011	1	
434	7011	1	
435	7011	1	
436	7011	1	
437	7011	1	
438	7011	1	
439	7011	1	
440	7011	1	
441	7011	1	
442	7100		
443	7141	1	
444	7141	1	
445	7141	1	
446	7141	1	
447	7141	1	
448	7141	1	
449	7141	1	
450	7141	1	
451	7141	1	
452	7141	1	
453	7141	1	
454	7141	1	
455	7141	1	
456	7141	1	
457	7141	1	
458	7141	1	
459	7141	1	
460	7141	1	
461	7141	1	
462	7141	1	
463	7141	1	
464	7141	1	
465	7141	1	
466	7147	1	
467	7148	1	
468	7151	1	
469	7151	1	
470	7151	1	
471	7151	1	
472	7151	1	
473	7151	1	
474	7151	1	
475	7151	1	
476	7151	1	
477	7151	1	
478	7151	1	
479	7151	1	
480	7151	1	
481	7151	1	
482	7151	1	
483	7151	1	
484	7151	1	
485	7151	1	
486	7151	1	
487	7151	1	
488	7151	1	
489	7151	1	
490	7151	1	
491	7151	1	
492	7151	1	
493	7151	1	
494	7151	1	
495	7151	1	
496	7151	1	
497	7151	1	
498	7151	1	
499	7151	1	
500	7151	1	
501	7151	1	
502	7151	1	
503	7151	1	
504	7151	1	
505	7151	1	
506	7151	1	
507	7151	1	
508	7151	1	
509	7151	1	
510	7151	1	
511	7151	1	
512	7151	1	
513	7301	1	
514	7311	1	
515	7321	1	
516	7331	1	
517	7332	1	
518	7333	1	
519	7334	1	
520	7335	1	
521	7201		
522	8001		
523	8002		
524	8003		
525	8003		
526	8004	1	
527	8021	1	
528	8022	1	
529	8023	1	
530	8031	1	
531	8031	1	
532	8031	1	
533	8041	1	
534	8041	1	
