CondId	默认激活	通知客户端	[条件]组合	[条件]1类型	[条件]1参数	[条件]2类型	[条件]2参数	[条件]3类型	[条件]3参数	[条件]4类型	[条件]4参数	[条件]5类型	[条件]5参数	[生效执行]1类型	[生效执行]1参数	[生效执行]2类型	[生效执行]2参数	[生效执行]3类型	[生效执行]3参数	[生效执行]4类型	[生效执行]4参数	[生效执行]5类型	[生效执行]5参数	[失效执行]1类型	[失效执行]1参数	[失效执行]2类型	[失效执行]2参数	[失效执行]3类型	[失效执行]3参数	[失效执行]4类型	[失效执行]4参数	[失效执行]5类型	[失效执行]5参数	生效一次
10011	1		1	1	0									3	4000100,4000101,4000601			1	150	1	151	6	301001009	4	40001,40006	2	150	2	151					
10013	1		1	1	1									3	4000201									4	40002									
10014	1		1	1	2									3	4000301									4	40003									
10015	1		1	1	3									3	4000401									4	40004									
10016	1		1	1	4									3	4000501									4	40005									
10017														6	301001008																			
10018														6	301001003	5	133104474																	
10019														6	301001002	5	133104006																	
10020														6	301001005	5	133106144																	
10021														6	301001006																			
500101	1		1	12	1	14	16							6	305001001	3	4091101,4091104							4	40911									
500102	1		1	12	1	4	4091105							7	1									8	1									
500103	0													5	133003151																			
5003001	1	1		8																														
5003002	1	1		9																														
5003101	1	1	1			7	4100101							6	305003001																			
5003102	1	1	1	6	305003001,1003;305003001,1005;305003001,1007;305003001,1009;305003001,1011;305003001,1013	7	4100102																											
5003103	1	1	1	6	305003001,1005;305003001,1007;305003001,1009;305003001,1011;305003001,1013	7	4100103																											
5003104	1	1	1	6	305003001,1007;305003001,1009;305003001,1011;305003001,1013	7	4100104																											
5003105	1	1	1	6	305003001,1009;305003001,1011;305003001,1013	7	4100105																											
5003106	1	1	1	6	305003001,1011;305003001,1013	7	4100106																											
5003107	1	1	1	6	305003001,1013	7	4100107																											
5003108	1													6	305003001																			
5012001	1	1		8																														
5012002	1	1		9																														
5012003	1			12	1									17	133004062									18	133004062									
5012004	1	1		7	4122001																													
2001001	1	1	1	12	1	13	15	14	20					3	4111101	6	302001001,302001002,302001003,302001041,302001042,302001043							4	41111,41112,41113,41114,41120,41122,41135,41130,41123,41124,41131,41127,41126									
2001002	1		1	12	3	13	15							3	4111200																			
2001003	1		1	12	8	13	15							3	4111301																			
2001004	1		1	12	11	13	15							3	4111401																			
2001101	0													6	302001901																			
2001102	0													6	302001902																			
2001103	0													6	302001903																			
2001104	0													6	302001006																			
2001105	0													6	302001010																			
2001106	0													6	302001009																			
2001107	0													6	302001011																			
2001108	0													6	302001018,302001019																			
2001109	0													6	302001904																			
2001110	0													5	302001901,302001006,302001010																			
2001111	0													5	302001902,302001009,302001011																			
2001112	0													5	302001018,302001019																			
2001113	0													5	302001904																			
2001114	1			4	4111307									10	2																			
2001115	0													6	302001144																			
2001116	0													5	302001144																			
2001301	1		1	12	1	4	4111114	13	15					9	1	6	302001005,302001012,302001013	3	4112009,4112247,4113501															
2001311	1		1	12	2	4	4111114	13	15							6	302001007,302001014,302001015																	
2001302	1		1	12	3	4	4111213	13	15					9	2	6	302001004	1	216	3	4113005,4112310,4112401			2	216									
2001303	1		1	12	8	4	4111309	13	15					9	3	11	2	3	4113115,4112701,4112601					12	2									
2001304	1			12	15									14		12	2	4	41111,41112,41113,41114,41120,41122,41123,41124,41126,41127,41130,41131,41135	5	302001001,302001002,302001003,302001041,302001042,302001043,302001006,302001009,302001010,302001011,302001018,302001019,302001144,302001901,302001902,302001903,302001904													
2001400	1					11	1200101							5	302001005																			
2001401	1					11	1200102							5	302001012																			
2001402	1					11	1200103							5	302001013																			
2001403	1					11	1200104							5	302001007																			
2001404	1					11	1200105							5	302001014																			
2001405	1					11	1200106							5	302001015																			
50060101	1		1	12	1	14	20	13	2					3	4112104,4114104,4114204									4	41121,41141,41142									
50060102	1		1	12	2	14	20	13	3					3	4114304,4114404,4114504									4	41143,41144,41145									
50060103	1		1	12	3	14	20	13	4					3	4114604,4114704,4114804									4	41146,41147,41148									
50060104	1		1	12	4	14	20	13	5					3	4114904,4115004,4115104									4	41149,41150,41151									
50060105	1		1	12	5	14	20	13	6					3	4115204,4115304,4115404									4	41152,41153,41154									
50060106	1		1	12	6	14	20	13	7					3	4115504,4115604,4115704									4	41155,41156,41157									
50060107	1		1	12	7	14	20	13	8					3	4115804,4115904,4116004									4	41158,41159,41160									
50070101	1		1	12	1									17	133104761									18	133104761									
50070102	1		1	12	2									17	133103577									18	133103577									
50070103	1		1	12	3									17	133001435									18	133001435									
50070104	1		1	12	4									17	133104029									18	133104029									
50070105	1		1	12	5									17	133107134									18	133107134									
50070106	1		1	12	6									17	133101214									18	133101214									
50070107	1		1	12	7									17	133004365									18	133004365									
50070108	1		1	12	1	14	20							6	305007001	3	4117001							4	41170									
3001001	1		1	12	1			13	15					3	1104001																			
3001002	1		1	12	1	4	1104505	13	15					3	4121001	19	1																	
3001003	1		1	12	4	4	4121008	13	15					3	4121101																			
3001004	1		1	12	7	4	4121112	13	15					3	4121201																			
3001005	1		1	12	10	4	4121215	13	15					3	4121301																			
3001006	1		1	12	15			13	21					3	4121401									4	41214									
3001101	1		1	12	1	4	4121008							15	1																			
3001102	1		1	12	4	4	4121112							15	2																			
3001103	1		1	12	7	4	4121215							15	3																			
3001104	1		1	12	10	4	4121314							15	4																			
3001105	1		1	12	15									16		20	1	4	41210,41211,41212,41213,41215	12	3			16		20	1	4	41210,41211,41212,41213,41215	12	3			
3001201	1		1	12	4	4	4121112																											
3001202	1		1	12	7	4	4121215																											
3001203	1		1	12	10	4	4121314	15	3					11	3									12	3									
3001204	1		1	12	10	4	4121314							10	3																			
50110101	1		1	12	1	14	20	13	11					3	7065201	17	133102911							4	70652									
50110102	1		1	12	11	13	15							17	133102911									18	133102911									
50140101	1		1	12	1	14	20	13	16					1	223,3									2	223,3									
50140102	1		1	12	16									2	223,3																			
50160101	1			4	4140101									25																				
50160102	1			12	8									26										2	238									
50160103	1			14	20	13	8							3	4140101	1	238							4	41401									
50160104	1			14	20									17	133107143									2	238									
2002101	1	1	1	12	1	4	1110311	13	19					6	302002901,302002902	3	4131101,4135714							5	302002901,302002902	4	41311,40000,41357							
2002102	1		1	12	5	4	1110311	13	19							3	4131201									4	41312							
2002103	1		1	12	9	4	1110311	13	19							3	4131301									4	41313							
2002104	1	1	1	4	4131115	13	19																											
2002105	1	1	1	4	4131229	13	19																											
2002106	1	1	1	4	4131312	13	19																											
2002107	1		1	4	4131115	13	19							1	259									2	259									
2002108	1		1	4	4131115	13	19							3	4000001									4	40000									
2002150	1		1	4	4133408	13	19							17	133104136									18	133104136									
2002151	1		1	4	4133409	13	19							17	133104139									18	133104139									
2002152	1		1	4	4134103	13	19							17	133102918									18	133102918									
2002153	1		1	4	7181805	13	19							17	133102920									18	133102920									
2002154	1		1	4	7182011	13	19							17	133104922									18	133104922									
2002155	1		1	4	7182010	13	19							17	133104923									18	133104923									
2002156	0													17	133107153									18	133107153									
2002157	0													17	133107163									18	133107163									
2002158	0													17	133101248,133102091,133102103,133002471									18	133101248,133102091,133102103,133002471									
2002159	0													17	133107164									18	133107164									
2002160	0													17	133103644,133104125,133104128,133104132,133104134,133103643									18	133103644,133104125,133104128,133104132,133104134,133103643									
2002161	0													17	133107165									18	133107165									
2002162	0													17	133106404,133108176,133107162									18	133106404,133108176,133107162									
2002163	1		1	12	1	4	1110311	13	19					17	133107168									18	133107168									
2002164	1	1		17	3																													
2002165	1	1		12	19									22																				
2002166	1	1	1	12	1	13	19																											
2002167	1		1	4	7182203	13	19							17	133107950									18	133107950									
2002168	0													17	133104920									18	133104920									
50170101	1		1	12	1	14	20	13	8					3	7065301									4	70653									
50170102	1		1	12	8	13	11							3	7165101									4	71651									
50170103	1			12	8									31																				
2002201	1	1	1	12	1	4	4131115	13	19					21	1																			
2002202	1	1	1	12	5	4	4131222	16	1000	13	19			21	2																			
2002203	1	1	1	12	9	4	4131312	16	2000	13	19			21	3																			
2002301	1	1	1	17	1	18	1	12	1	13	19			30	1																			
2002302	1	1	1	17	1	18	1	12	2	13	19			30	2																			
2002303	1	1	1	17	1	18	1	12	3	13	19			30	3																			
2002304	1	1	1	17	2	18	1	12	5	13	19			30	4																			
2002305	1	1	1	17	2	18	1	12	7	13	19			30	5																			
2002306	1	1	1	17	3	18	1	12	9	13	19			30	6																			
2002400	1	1	1	12	1	4	4131115	13	19					3	7181910									4	71819									
2002401	1	1	1	12	5	4	4133508,4134209,4135710,4133813,4133216,4133309,4134307,4133609,4134107,4131222	16	1000	13	19			3	7182023									4	71820									
2002402	1	1	1	12	9	4	4135807,7182110,4133710,4134013,7181719,4133422,7181608,7182206,7182413,4131312	16	2000	13	19			3	7181519									4	71815,71825,71826,71827,71828									
2002500	1	1	1	12	1	4	7181909	13	19					3	4133509,4134208,4135715									4	41335,41342,41357									
2002501	1	1	1	12	1	4	7181909	13	19					3	4133814,4133217									4	41338,41332									
2002502	1	1	1	12	1	4	7181909	13	19					3	4133318,4134308									4	41333,41343									
2002503	1	1	1	12	1	4	7181909	13	19					3	4133610,4134108									4	41336,41341									
2002504	1	1	1	12	5	4	7182021	13	19					3	7182112,7182415,4135813									4	71824,71821,41358									
2002505	1	1	1	12	5	4	7182021	13	19					3	4133711,4134014									4	41337,41340									
2002506	1	1	1	12	5	4	7182021	13	19					3	7181720,4133426									4	41334,71817									
2002507	1	1	1	12	5	4	7182021	13	19					3	7181609,7182208									4	71816,71822									
2002508	1	1	1	12	9	4	7181517	13	19					3	4133126,7182311,7181811,7103313,4135913									4	41331,71823,71818,71033,41359,71034									
2002601	1	1	1	12	1	4	4000001	13	19					28	1									29	1									
2003000	1	1		12	1	13	18	4	39604					6	302003001	17	133003791	38	1008	1	268	19	2	5	302003001	4	70654	39	1008	2	268	20	2	
2003001	1	1		12	1	4	39604	13	18					3	4141001											4	41410	18	133003791					
2003002	1	1		12	4	4	4141016	13	18					3	4141115											4	41411							
2003003	1	1		12	7	4	4141113	13	18					3	4141201											4	41412							
2003004	1	1		12	10	4	4141216	13	18					3	4141301									27	133004927,1	4	41413							
2003005	1	1		4	4141016	13	18							17	133004929									18	133004929									
2003101	1	1		12	1	4	4141016	13	18					3	7000301,7000701											4	70003,70007							
2003102	1	1		12	4	4	4141016	13	18					3	7080001,7000801											4	70800,70008							
2003103	1	1		12	7	4	4141016	13	18					3	7000110,7001001											4	70001,70010							
2003104	1	1		12	10	4	4141016	13	18					3	7000901,7000010											4	70009,70000							
2003105	1	1		12	1	4	4141016	13	18					3	7065701											4	70657							
2003106	1	1		12	1	4	4141016	13	18					3	7065401											4	70654							
2003107	1	1		12	1	4	4141016	13	18					3	7065801											4	70658							
2003108	1	1		12	1	4	4141016	13	18					3	7065601											4	70656							
2003201	1	1		12	1	4	7065701	13	18					17	133003795	32	1001							18	133003795									
2003202	1	1		12	4	4	7065701	13	18					17	133003796	32	1002							18	133003796									
2003203	1	1		12	7	4	7065701	13	18					17	133002493	32	1003							18	133002493									
2003204	1	1		12	10	4	7065701	13	18					17	133004475	32	1004							18	133004475									
2003205	1	1		12	1	4	7065401	13	18					17	133001601	32	2001							18	133001601									
2003206	1	1		12	4	4	7065401	13	18					17	133001602	32	2002							18	133001602									
2003207	1	1		12	7	4	7065401	13	18					17	133004477	32	2003							18	133004477									
2003208	1	1		12	10	4	7065401	13	18					17	133004476	32	2004							18	133004476									
2003209	1	1		12	1	4	7065801	13	18							32	3001																	
2003210	1	1		12	4	4	7065801	13	18							32	3002																	
2003211	1	1		12	7	4	7065801	13	18							32	3003																	
2003212	1	1		12	10	4	7065801	13	18							32	3004																	
2003301	1	1		12	1	4	7065601	13	18							34	1																	
2003302	1	1		12	4	4	7065601	13	18							34	2																	
2003303	1	1		12	7	4	7065601	13	18							34	3																	
2003304	1	1		12	10	4	7065601	13	18							34	4																	
2003401	1	1		12	1	4	7065601	13	18					37		1	265							2	265									
2003402	1	1		12	18									33		20	2	2	265					18	133001601,133001602,133004477,133004476,133003795,133003796,133002493,133004475,133003791	39	1008	33		20	2			
6003001	1			12	1									17	133004925									18	133004925									
5019001	1		1	12	1	4	7065503							17	133001575,133001576	1	267							18	133001575,133001576	2	267							
5019002	1		1	12	2	4	7065503							17	133001577									18	133001577									
5019003	1		1	12	3	4	7065503							17	133001582,133001583,133001584									18	133001582,133001583,133001584									
5019004	1		1	12	4	4	7065503							17	133001578									18	133001578									
5019005	1		1	12	5	4	7065503							17	133001579									18	133001579									
5019006	1		1	12	6	4	7065503							17	133001581									18	133001581									
5019007	1		1	12	7	4	7065503							17	133001580									18	133001580									
5019008	1		1	12	1	14	20							3	7065501									4	70655									
5019009	1		1	12	11																													
5020001	1		1	12	1									10	4	3	4142101							4	41421	12	4	36	1001					
5020002	1		1	12	1	4	4142108							35	1001																			
5020003	1		1	12	1	19	1001,10010101							3	4142111																			
5020004	1		1	12	2																													
5020005	1		1	12	3																													
5020006	1		1	12	4																													
5020007	1		1	12	5																													
5020008	1		1	12	5	20	1001	4	4142110					3	4142205									4	41422									
5020009	1		1	12	5	21								3	4142206									4	41422									
5020010	1		1	12	1	4	4142110	15	4					11	4																			
5023001	1		1	12	1									17	133004479	1	273							4	70659	18	133004479	2	273					
5023002	1		1	12	1	4	7065901							51										52										
5023012	1		1	12	1									3	7066001,7066005									4	70660									
5023013	1		1	12	1	4	7066004							51		93	1001011,1001012,1001013,1001009,1001006,1001015,1001019,1001026							52										
5023010	1		1	12	1	13	2							40	5023001																			
5023003	1		1	12	2	13	3							40	5023002																			
5023004	1		1	12	3	13	4							40	5023003																			
5023005	1		1	12	4	13	5							40	5023004																			
5023006	1		1	12	5	13	6							40	5023005																			
5023007	1		1	12	6	13	7							40	5023006																			
5023008	1		1	12	7									40	5023007																			
5023009	1		1	12	7									47	15																			
5022001	1		1	12	1									46	1,2																			
5022002	1		1	12	3									46	3,4																			
5022003	1		1	12	5									46	5,6																			
5022004	1		1	12	7									47	18																			
2005000	1		1	12	1	13	21	4	39604	4	1020204			19	3									20	3	18	144002059,144002060,144003014,144003015,144003016,144003032							
2005001	1		1	12	1	13	21	4	39604	4	1020204			3	4001001									4	40010									
2005002	1		1	12	4	13	21	4	4001025					3	4001112									4	40011									
2005003	1		1	12	7	13	21	4	4001111					3	4001205									4	40012									
2005004	1		1	12	10	13	21	4	4001217					3	4001308									4	40013									
2005005	0													17	144002059									18	144002059									
2005006	0													17	144002060									18	144002060									
2005007	0													17	144003014									18	144003014									
2005008	0													17	144003015									18	144003015									
2005009	1		1	13	21	4	4001309							17	144003016									18	144003016									
2005010	0													17	144003032									18	144003032									
2005011	1		1	12	1	13	21	4	4001025							53	1																	
2005021	1	1	1	12	4	13	21	4	4001111					17	144001108,144001185	53	2							18	144001108,144001185									
2005022	1	1	1	12	5	13	21	4	4001111					17	144004063									18	144004063									
2005023	1	1	1	12	6	13	21	4	4001111					17	144001127									18	144001127									
2005024	1	1	1	12	7	13	21	4	4001111					17	144004065									18	144004065									
2005025	1	1	1	12	8	13	21	4	4001111					17	144001130									18	144001130									
2005026	1	1	1	12	9	13	21	4	4001111					17	144002049									18	144002049									
2005031	1		1	12	7	13	21	4	4001217							53	3																	
2005041	1		1	12	10	13	21	4	4001309					1	27,4	53	4							2	27,4									
2005015	1		1	12	21									54																				
2005051	1		1	12	1	13	21	4	39604	4	1020204			17	144004071,144004072,144004073,144004074,144004075,144004076,144002071,144002072,144002074,144002075,144001132,144001133,144001134,144001135,144001136,144001137,144001138,144003034,144003035,144003036,144003037,144003038,144003039,144003040,144003041,144003042,144003043,144003044,144003045,144003046,144002093,144001042,144003059,144004098,144004070,144004069,144004068,144004067,144003047,144004120,144004121,144004122,144004123,144004124,144004125,144004126,144004127,144004128,144001189,144001139,144001140,144003061,144003062,144003063,144003064,144003065,144003066,144003067,144002073,144002076,144002070,144001126,144003033	3	7900901							18	144004071,144004072,144004073,144004074,144004075,144004076,144002071,144002072,144002074,144002075,144001132,144001133,144001134,144001135,144001136,144001137,144001138,144003034,144003035,144003036,144003037,144003038,144003039,144003040,144003041,144003042,144003043,144003044,144003045,144003046,144002093,144001042,144003059,144004098,144004070,144004069,144004068,144004067,144003047,144004120,144004121,144004122,144004123,144004124,144004125,144004126,144004127,144004128,144001189,144001139,144001140,144003061,144003062,144003063,144003064,144003065,144003066,144003067,144002073,144002076,144002070,144001126,144003033	66		4	79009					
2005052	1		1	12	1	13	21	27	4,8,9,10					18	144004071,144004072,144004073,144004074,144004075,144004076,144002071,144002072,144002074,144002075,144001132,144001133,144001134,144001135,144001136,144001137,144001138,144003034,144003035,144003036,144003037,144003038,144003039,144003040,144003041,144003042,144003043,144003044,144003045,144003046,144002093,144001042,144003059,144004098,144004070,144004069,144004068,144004067,144003047,144004120,144004121,144004122,144004123,144004124,144004125,144004126,144004127,144004128,144001189,144001139,144001140,144003061,144003062,144003063,144003064,144003065,144003066,144003067,144002073,144002076,144002070,144001126,144003033	59	2005051,否	66		4	79009													
2005053	1		1	12	1	13	21	27	4,8					18	144002070																			
2005054	1		1	12	1	13	21	27	4,9					18	144001126																			
2005055	1		1	12	1	13	21	27	4,10					18	144003033																			
2005016	1		1	12	18	13	21							47	25																			
5024001	1		1	12	1	14	20	13	11					3	7002401									4	70024									
5024002	1		1	12	11	13	13							3	7002501									4	70025									
5024003	1			12	11									43		4	70006,70011,70012,70013,70014,70015,70016,70017,70018,70019,70020,70021,70022,70023																	
5024004	1		1	12	1	4	7002404	13	11	22	0			3	7000601																			
5024005	1		1	12	1	4	7000603	13	11	22	0			3	7002001																			
5024006	1		1	12	2	4	7002003	13	11	22	1			3	7001701																			
5024011	1		1	12	2	4	7001704	13	11	22	1			3	7001301																			
5024008	1		1	12	3	4	7001303	13	11	22	2			3	7001101																			
5024009	1		1	12	3	4	7001103	13	11	22	2			3	7001901																			
5024010	1		1	12	4	4	7001903	13	11	22	3			3	7001801																			
5024007	1		1	12	4	4	7001803	13	11	22	3			3	7001501																			
5024012	1		1	12	5	4	7001503	13	11	22	4			3	7001601																			
5024013	1		1	12	5	4	7001603	13	11	22	4			3	7002301																			
5024014	1		1	12	6	4	7002303	13	11	22	5			3	7001201																			
5024015	1		1	12	6	4	7001203	13	11	22	5			3	7002201																			
5024016	1		1	12	7	4	7002203	13	11	22	6			3	7002101																			
5024017	1		1	12	7	4	7002103	13	11	22	6			3	7001401																			
5024018	1		1	12	1	4	7002003	13	11	22	0			17	133001603									18	133001603									
5024019	1		1	12	2	4	7001303	13	11	22	1			17	133107170									18	133107170									
5024020	1		1	12	3	4	7001903	13	11	22	2			17	133003797									18	133003797									
5024021	1		1	12	4	4	7001503	13	11	22	3			17	133102120									18	133102120									
5024022	1		1	12	5	4	7002303	13	11	22	4			17	133103654									18	133103654									
5024023	1		1	12	6	4	7002203	13	11	22	5			17	133001604									18	133001604									
5024024	1		1	12	7	4	7001403	13	11	22	6			17	133104173									18	133104173									
5024025	1		1	12	1	13	11	23	7					17	133002001									18	133002001									
5024026	1		1	12	7	13	11							47	16																			
2004001	1	1	1	12	1	13	18							3	7165201	17	133102121	1	286					4	71652	18	133102121	2	286					
2004002	1		1	12	1	13	18	4	7165201					41	1									42	1									
2004003	1		1	12	4	13	18	4	7165201					41	2									42	2									
2004004	1		1	12	7	13	18	4	7165201					41	3									42	3									
2004005	1	1	1	12	1	13	18	25						48		1	280							49		2	280							
2004006	1		1	12	1	13	18	24	1					50	1	2	278																	
2004007	1		1	12	4	13	18	24	2					50	2	2	274																	
2004008	1		1	12	7	13	18	24	3					50	3	2	276																	
2004009	1		1	12	10	13	18	24	1,2,3					50	4																			
2004010	1		1	12	14	13	18							47	17																			
2004011	1		1	12	1	13	18	4	7165203					1	278									2	278									
2004012	1		1	12	4	13	18	4	7165203					1	274									2	274									
2004013	1		1	12	7	13	18	4	7165203					1	276									2	276									
2004014	1	1	1	12	1																													
5030001	1		1	12	1	13	11							17	144001107									18	144001107									
5030002	1		1	12	2	13	11							17	144002066									18	144002066									
5030003	1		1	12	3	13	11							17	144004004									18	144004004									
5030004	1		1	12	4	13	11							17	144003031									18	144003031									
5030005	1		1	12	5	13	11							17	144002067									18	144002067									
5030006	1		1	12	6	13	11							17	144001064									18	144001064									
5030007	1		1	12	7	13	11							17	144004008									18	144004008									
5030008	1		1	12	7	13	11							47	23																			
50310101	1		1	12	1	14	20	13	15					1	294,3									2	294,3									
50310102	1		1	12	14									2	294,3																			
50310103	1		1	12	11	13	360							47	26																			
5033001	1		1	12	1	13	45							57	4,108									58	4,108									
5033002	0		2	12	21	4	4001103							57	4,109	59	5033001,否							58	4,109									
5033003	1		1	12	1	13	45							17	144001050,144001052,144001094,144001095,144001061									18	144001050,144001052,144001094,144001095,144001061									
5033004	0		2	12	21	4	4001103							17	144001049,144001053,144001055,144001056,144001057,144001059,144001060,144001062,144001063,144001080,144001081,144001082,144001083,144001084,144001089,144001090,144001091,144001092,144001093,144001096,144001097,144001098,144002002									18	144001049,144001053,144001055,144001056,144001057,144001059,144001060,144001062,144001063,144001080,144001081,144001082,144001083,144001084,144001089,144001090,144001091,144001092,144001093,144001096,144001097,144001098,144002002									
5033005	0		2	12	21	4	4001217							17	144001085,144001086,144001087,144001088									18	144001085,144001086,144001087,144001088									
5033006	0		2	12	21	4	4001103							3	7900010									4	79000									
5033007	0		2	12	21	4	4001103							3	7900314	17	144002006,144002007,144002008,144002009,144002011,144002050,144002051,144002105,144002106,144002107							4	79003	18	144002006,144002007,144002008,144002009,144002011,144002050,144002051,144002105,144002106,144002107							
5033008	0		2	12	21	4	4001103							3	7900201									4	79002									
5033009	0		2	12	21	4	4001103							3	7900109									4	79001									
5033010	0		2	12	21	4	4001103							3	7900601									4	79006									
5033011	0		2	12	21	4	4001103							3	7900401									4	79004									
5033012	0		2	12	21	4	4001103							3	7900506									4	79005									
5033013	1		1	12	1	13	45																											
5033014	0		2	12	21	4	4001103							17	144001002,144001011,144001013,144001029,144001030,144001031,144001033,144001034,144001035,144001036,144001037,144001038,144001039,144001040,144001041,144001043,144001044,144001046,144001047,144001048,144001051,144001065,144001066,144001068,144001069,144001070,144001071,144001072,144001075,144001076,144001099,144001101,144001109,144001110,144001120,144001121,144001122,144001123,144001124,144001125,144001128,144001129,144001142,144001144,144001145,144001147,144001148,144001150,144001151,144001158,144001159,144001164,144001165,144001166,144001167,144001168,144001169,144001007,144001006,144001008,144001003,144001001,144001005,144001004,144001014,144001024,144001023,144001022,144001025,144001028,144001027,144001017,144001016,144001015,144001018,144001019,144001020,144001021,144001170,144001171,144001172,144001176,144001179,144001180,144001188,144001190,144001191,144001187,144001183,144001184,144001186,144001177,144001178,144001175,144001111,144004053,144001118,144001182,144001192,144001100,144001116,144001114,144001193,144001113,144001115,144001199,144001191	59	5033013,否							18	144001002,144001011,144001013,144001029,144001030,144001031,144001033,144001034,144001035,144001036,144001037,144001038,144001039,144001040,144001041,144001043,144001044,144001046,144001047,144001048,144001051,144001065,144001066,144001068,144001069,144001070,144001071,144001072,144001075,144001076,144001099,144001101,144001109,144001110,144001120,144001121,144001122,144001123,144001124,144001125,144001128,144001129,144001142,144001144,144001145,144001147,144001148,144001150,144001151,144001158,144001159,144001164,144001165,144001166,144001167,144001168,144001169,144001007,144001006,144001008,144001003,144001001,144001005,144001004,144001014,144001024,144001023,144001022,144001025,144001028,144001027,144001017,144001016,144001015,144001018,144001019,144001020,144001021,144001170,144001171,144001172,144001176,144001179,144001180,144001188,144001190,144001191,144001187,144001183,144001184,144001186,144001177,144001178,144001175,144001111,144004053,144001118,144001182,144001192,144001100,144001116,144001114,144001193,144001113,144001115,144001199,144001191									
5033015	1		1	12	1	13	45																											
5033016	0		2	12	21	4	4001103							17	144004006,144004040,144004041,144004042,144004043,144004054,144004089,144004090,144004091,144004092,144004093,144004094,144004095,144004096,144004097,144004099,144004100,144004101,144004102,144001001,144001003,144001004,144001005,144001006,144001007,144001008,144001014,144001149,144002005,144005001,144004010,144004019,144004021,144004022,144004023,144004024,144004031,144004032,144004033,144004034,144004109,144002061,144004132,144004133,144002101,144002054,144002102,144002103,144002104	59	5033015,否							18	144004006,144004040,144004041,144004042,144004043,144004054,144004089,144004090,144004091,144004092,144004093,144004094,144004095,144004096,144004097,144004099,144004100,144004101,144004102,144001001,144001003,144001004,144001005,144001006,144001007,144001008,144001014,144001149,144002005,144005001,144004010,144004019,144004021,144004022,144004023,144004024,144004031,144004032,144004033,144004034,144004109,144002061,144004132,144004133,144002101,144002054,144002102,144002103,144002104									
5033017	1		1	12	1	13	45																											
5033018	0		2	12	21	4	4001103							17	144003007,144002038,144002046,144005004,144005003,144002014,144004007,144002012,144002015,144001010,144002013,144004012,144004014,144004046,144002001,144002003,144002027,144002030,144002031,144002032,144002033,144004049,144004050,144002053,144002055,144004015,144002069,144002041,144003048,144002079,144002080,144002068,144004079,144004081,144002081,144002078,144003054,144003055,144003056,144003057,144002040,144002085,144002086,144002087,144002088,144004020,144002042,144002089,144004009,144002090,144003053,144004026,144004061,144004062,144004080,144004039,144004045,144002056,144002058,144002043,144004011,144004018,144004047,144002052,144001058,144001157,144002045,144002048,144002057,144002035,144004048,144004064,144003058,144004066,144005002,144004005,144004103,144003002,144003003,144003004,144002016,144002017,144002018,144002019,144002020,144002021,144002022,144002023,144002024,144002025,144002026,144002039,144004104,144002097,144004129,144004131,144004016,144004030,144002034,144004044,144004055,144004056,144002036,144004060,144002063,144002044,144002098,144002099,144003019	59	5033017,否							18	144003007,144002038,144002046,144005004,144005003,144002014,144004007,144002012,144002015,144001010,144002013,144004012,144004014,144004046,144002001,144002003,144002027,144002030,144002031,144002032,144002033,144004049,144004050,144002053,144002055,144004015,144002069,144002041,144003048,144002079,144002080,144002068,144004079,144004081,144002081,144002078,144003054,144003055,144003056,144003057,144002040,144002085,144002086,144002087,144002088,144004020,144002042,144002089,144004009,144002090,144003053,144004026,144004061,144004062,144004080,144004039,144004045,144002056,144002058,144002043,144004011,144004018,144004047,144002052,144001058,144001157,144002045,144002048,144002057,144002035,144004048,144004064,144003058,144004066,144005002,144004005,144004103,144003002,144003003,144003004,144002016,144002017,144002018,144002019,144002020,144002021,144002022,144002023,144002024,144002025,144002026,144002039,144004104,144002097,144004129,144004131,144004016,144004030,144002034,144004044,144004055,144004056,144002036,144004060,144002063,144002044,144002098,144002099,144003019									
5033019	1		1	12	1	13	45							17	144004110,144004111,144004112,144004114,144004113,144004115,144004116,144001181,144002095,144002096,144003060,144004117,144004118,144004119,144004130,144001194,144001195,144001196,144001197									18	144004110,144004111,144004112,144004114,144004113,144004115,144004116,144001181,144002095,144002096,144003060,144004117,144004118,144004119,144004130,144001194,144001195,144001196,144001197									
5033020	0		2	12	21	4	4001103							17	144001173,144001174,144004105,144004106,144001077,144004017,144004027,144004029,144001112,144004057,144004058	59	5033019,否							18	144001173,144001174,144004105,144004106,144001077,144004017,144004027,144004029,144001112,144004057,144004058									
5033021	1		1	12	1	13	45							60	4,14,15,16,17,18,19,20,21,22,23,24									61	4,14,15,16,17,18,19,20,21,22,23,24									
5033022	0		2	12	21	4	4001103							60	4,7,11,12,13	59	5033021,否																	
5033023	1		1	12	1	13	45							17	144004082,144002082,144001156,144003049									18	144004082,144002082,144001156,144003049									
5033024	0		2	12	21	4	4001103							3	7901001	17	144004107							4	79010	18	144004107							
5033025	0		2	12	21	4	4001103							3	7901101	17	144004108							4	79011	18	144004108							
5033026	0		2	12	21	4	4001015							65	4									64	4									
5033027	0		2	12	21	4	4001103							3	7901401									4	79014									
5033028	0		2	12	21	4	4001103							3	7901501									4	79015									
5033029	1		1	12	1	4	7900105							17	133001004									18	133001004									
5033030	1		1	12	1	13	45							60	4,28,29,30									61	4,28,29,30									
5033031	0		2	12	21	4	4001103							61	4,28,29,30	59	5033030,否																	
5033032	1		1	12	1	4	7900504							3	7901601									4	79016									
5033033	0		2	12	21	4	4001103							17	144001117,144002037,144003018,144004059									18	144001117,144002037,144003018,144004059									
5033034	1		1	12	21	13	45							3	7900801									4	79008									
5033035	1		1	12	21	13	45							3	7901701	17	144004134							4	79017	18	144004134							
5032001	1	1	1	12	1	13	11							3	7900701									4	79007									
5032002	1		1	12	1	13	11							55	1																			
5032009	1		1	12	1	13	11	4	7900706					1	25,4									2	25,4									
5032003	1		1	12	3	13	11							55	2																			
5032004	1		1	12	5	13	11							55	3																			
5032005	1		1	12	11									56																				
5032006	1		1	12	1	13	11							17	144003052									18	144003052									
5032007	1		1	12	1	13	11	4	7900704					59	5032006,否	17	144003005							18	144003005									
5032008	1		1	12	7	13	11							47	24																			
5034001	1		1	12	1	13	11	4	7280704					17	133209014,133209029	1	315	3	7265001					18	133209014,133209029	2	315	4	72650					
5034002	1		1	12	7	13	11							47	30																			
50350101	1		1	12	1	14	30	13	11	4	201310			3	7265101	3	7265102							4	72651									
50350102	1		1	12	1	14	30	13	15	4	201310			17	133220190									18	133220190									
50350103	1		1	12	7	13	11							47	27																			
2006001	1	1	1	12	1	13	19	4	201310					3	7265201	27	133209018,2							4	72652									
2006006	1	1	1	12	1	13	19	4	201310	4	7265201			17	133220053	27	133209018,1							18	133220053									
2006002	1	1	1	12	3	13	19	4	201310	4	7265203			3	7265301									4	72653									
2006007	1	1	1	12	3	13	19	4	201310	4	7265301																							
2006003	1	1	1	12	6	13	19	4	201310	4	7265302			3	7265401									4	72654									
2006008	1	1	1	12	6	13	19	4	201310	4	7265401																							
2006004	1	1	1	12	9	13	19	4	201310	4	7265402			3	7265501									4	72655									
2006009	1	1	1	12	9	13	19	4	201310	4	7265504																							
2006005	1	1	1	12	19									27	133209018,3	63																		
2006101	1	1	1	12	1	13	19	4	201310					62	1																			
2006102	1	1	1	12	3	13	19	4	201310					62	2																			
2006103	1	1	1	12	6	13	19	4	201310					62	3																			
2006104	1	1	1	12	9	13	19	4	201310					62	4																			
2006105	1	1	1	12	1	13	19	4	201310	4	7265203			17	133212361,133212183									18	133212361,133212183									
2006106	1	1	1	12	2	13	19	4	201310	4	7265203			17	133220172,133212185,133212033									18	133220172,133212185,133212033									
2006107	1	1	1	12	9	13	19	4	201310	4	7265503			1	334,3									2	334,3									
2006108	1	1	1	12	3	13	19	4	201310	4	7265301																							
2006109	1	1	1	12	6	13	19	4	201310	4	7265401																							
2006110	1	1	1	12	15	13	19							47	29																			
2006111	1	1	1	12	1																													
2006112	1	1	1	12	9	13	19	4	201310	4	7265503			74																				
50370101	1	1	1	12	1	13	15	4	201310					3	7265601	17	133220278							4	72656	18	133220278							
50370102	1	1	1	12	1	13	15	4	201310					1	344,3									2	344,3									
50370103	1	1	1	12	12	13	15							47	31																			
50370104	1	1	1	12	15									70																				
5041001	1		1	12	7	13	11							47	28																			
5041002	1	1	1	12	1	13	11	4	201310	32	70661,1			3	7265901									4	72659									
5041004	1	1	1	12	1	13	11	4	201310	32	70661,1	4	7265902	17	133105044									18	133105044									
5041003	1	1	1	12	2	13	11	4	201310	32	70661,1	4	7265902	17	133104269									18	133104269									
5041005	1	1	1	12	3	13	11	4	201310	32	70661,1			3	7266101									4	72661									
5041007	1	1	1	12	4	13	11	4	201310	32	70661,1	4	7265902	17	133213494									18	133213494									
5041006	1	1	1	12	5	13	11	4	201310	32	70661,1	4	7265902	17	133001050									18	133001050									
5041008	1	1	1	12	6	13	11	4	201310	32	70661,1			3	7266201									4	72662									
5041009	1	1	1	12	7	13	11	4	201310	32	70661,1			3	7266301									4	72663									
5041010	1	1	1	12	7	13	11	4	201310	32	70661,1	4	7266304	17	133212532	3	7266701	3	7266801					18	133212532	4	72667	4	72668					
2007000	1	1		12	1	4	100404	4	1100519	4	102510			19	4	57	3,119	17	133107183,133107184					20	4	58	3,119	18	133107183,133107184	27	133107010,1	27	133107181,3	
2007001	1	1		12	1			4	1100519	4	102510			3	4001420									4	40014									
2007002	1	1		12	1			4	4001419	36	1000			3	4001501									4	40015									
2007003	1	1		12	1			4	4001419					3	7150012									4	71500									
2007004	1	1		12	5			4	7150008					3	7050117									4	70501									
2007005	1	1		12	9			4	7050110					3	7050011									4	70500									
2007006	1	1		12	1			4	4001419					3	7266401	17	133107178	1	388					4	72664	18	133107178	2	388					
2007101	1			12	1			4	7266401					68	20070101									73	20070101,20070102,20070103,20070104,20070105,20070106									
2007102	1			12	5			4	7266401					68	20070201									73	20070201,20070202,20070203,20070204,20070205,20070206									
2007103	1			12	9			4	7266401					68	20070301									73	20070301,20070302,20070303,20070304,20070305,20070306									
2007201	1			12	1			4	7266401					17	133104277	17	133104325,133104326,133104362,133104366,133104372,133104376,133104390,133104392,133104403,133104449							18	133104277	18	133104325,133104326,133104362,133104366,133104372,133104376,133104390,133104392,133104403,133104449							
2007202	1			12	5			4	7266401					17	133003044	17	133003051,133003060,133003061,133003063,133003064,133003066,133003067,133003068							18	133003044	18	133003051,133003060,133003061,133003063,133003064,133003066,133003067,133003068							
2007203	1			12	9			4	7266401					17	133008121	17	133008662,133008663,133008664,133008665,133008666,133008667							18	133008121	18	133008662,133008663,133008664,133008665,133008666,133008667							
2007301	1			12	1			4	7266401					17	133104287									18	133104287									
2007302	1			12	5			4	7266401					17	133003059									18	133003059									
2007303	1			12	9			4	7266401					17	133008416									18	133008416									
2007401	1			12	11									47	32																			
2007501	1	1																																
2007601	1	1		12	1			4	1100519	4	102510	3	27																					
2007602	1	1		12	1			4	7266401																									
5040001	1		1	12	1									67	1																			
5040002	1		1	12	2									67	2																			
5040003	1		1	12	3									67	3																			
5040004	1		1	12	4									67	4																			
5040005	1		1	12	5									67	5																			
5040006	1		1	12	6									67	6																			
5040007	1		1	12	7									47	40																			
5040101	1		1	12	1	4	201310							3	7266001									4	72660									
5040102	1		1	12	1	4	7266001							1	357	71	357							2	357									
5040103	1	1	1	12	1	4	7266002							17	133221028	72	357							18	133221028									
50440101	1		1	12	1	4	201310	13	8					3	7165601									4	71656									
50440102	1			12	8									31																				
50440103	1		1	12	8	13	11							3	7165701									4	71657									
50440104	1	1	1	12	6	13	8							47	36																			
5047001	1		1	12	1	13	7	14	30	4	201310	4	1100811	3	7265801									4	72658									
5047002	1		1	12	1	13	11	14	30	4	201310	4	1100811	17	133220650									18	133220650									
5047003	1	1	1	12	1	13	11	4	7265801					27	133220650,2																			
5047004	1	1	1	35																														
5047005	1	1	1	12	7	13	11																											
5047006	1	1	1	12	7	13	11	32	72658,0	4	201310	4	1100811	17	133220650	27	133220650,2							18	133220650									
5047101	1	1	1	12	6	13	11							47	34																			
5047102	1	1	1	12	7									77																				
5047103	1	1	1	12	1	13	11	4	7265801					1	408,3									2	408,3									
2008001	1	1	1	12	1	13	19	4	202102					3	4002001	78	1							4	40020									
2008006	1	1	1	12	1	13	19	4	4002007					1	417	71	417							2	417									
2008007	1	1	1	12	1	13	19	4	4002010					72	417																			
2008005	1	1	1	12	1	13	19	4	4002017					17	133220676									18	133220676									
2008002	1	1	1	12	4	13	19	4	4002017					3	4002110	78	2							4	40021									
2008003	1	1	1	12	7	13	19	4	4002109					3	4002209	78	3							4	40022									
2008004	1	1	1	12	10	13	19	4	4002208					3	4002301	18	133220676	17	133220677	78	4	78	5	4	40023	18	133220677							
2008008	1	1	1	12	11	13	19							47	49																			
2008009	1	1	1	32	40023,1																													
2008010	1	1	1	12	19									79																				
50490001	1	1	1	12	1	13	11	4	7002601					68	50490001									73	50490001	18	133225015							
50490002	1	1	1	12	1	13	11	4	7002801					73	50490001	18	133225015																	
50490003	1	1	1	12	1	13	14							17	133209062									18	133209062									
50490101	1	1	1	12	1	13	11	4	200711					3	7002601									4	70026									
50490102	1	1	1	12	1	13	11	4	7002604					68	50490101,50490102,50490103,50490104	17	133007089,133105059,133106042,133212601							73	50490101,50490102,50490103,50490104	18	133007089,133105059,133106042,133212601	18	133007082,133105048,133106028,133212576					
50490201	1	1	1	12	3	13	11	33	1					3	7002701									4	70027									
50490202	1	1	1	12	3	13	11	4	7002701					18	133007089,133105059,133106042,133212601	68	50490201,50490202,50490203,50490204							73	50490201,50490202,50490203,50490204	18	133007088,133105052,133106029,133212585							
50490301	1	1	1	12	5	13	11	33	2					3	7002801									4	70028									
50490302	1	1	1	12	5	13	11	4	7002803					68	50490301									73	50490301	18	133225009							
50490303	1	1	1	12	5	13	11	4	7002801					68	50490302									73	50490302	18	133223271							
50490304	1	1	1	12	5	13	11	4	7002803					73	50490302	18	133223271																	
50490401	1	1	1	12	3	13	11	33	2					68	50490401,50490403									73	50490401,50490403	18	133008668,133108193							
50490402	1	1	1	12	3	13	11	34	50490401					68	50490402									73	50490402	18	133008669							
50490403	1	1	1	12	3	13	11	34	50490403					68	50490404									73	50490404	18	133108194							
50490501	1	1	1	12	11	13	14	11	15049009					3	7002901									4	70029									
50490502	1	1	1	12	11	13	14	4	7002901																									
50490601	1	1	1	12	7	13	11							47	48																			
50500101	1	1	1	12	1	13	11	4	7003007					76	1	17	133103228	1	415	3	7003201			18	133103228	2	415	4	70032					
50500102	1	1	1	12	2	13	11	4	7003007					76	2	17	133107186	1	414	3	7003301			18	133107186	2	414	4	70033					
50500103	1	1	1	12	3	13	11	4	7003007					76	3	17	133107185	1	413	3	7003401			18	133107185	2	413	4	70034					
50500104	1	1	1	12	4	13	11	4	7003007					76	4	17	133104469	1	412	3	7003501			18	133104469	2	412	4	70035					
50500105	1	1	1	12	5	13	11	4	7003007					76	5	17	133210488	1	411	3	7003601			18	133210488	2	411	4	70036					
50500106	1	1	1	12	6	13	11	4	7003007					76	6	17	133220688	1	410	3	7003701			18	133220688	2	410	4	70037					
50500107	1	1	1	12	7	13	11	4	7003007					76	7	17	133220687	1	409	3	7003801			18	133220687	2	409	4	70038					
50500108	1	1	1	12	1	13	11	4	202102					3	7003001									4	70030									
50500109	1	1	1	12	8	13	11							47	51																			
2009001	1		1	12	15	13	19							47	41																			
2009002	1	1	1	12	1	13	19	4	7012305	4	1104505			3	4002501									4	40025,40026,40046									
2009003	1	1	1	12	7	13	19	4	7012305	4	1104505	4	4002615	3	4002701									4	40027,40028									
2009004	1	1	1	12	10	13	19	4	7012305	4	1104505	4	4002817	3	4002901									4	40029,40044,40045									
2009005	1	1	1	12	1	13	19	4	4002615					81		82		83		17	133001077			18	133001077	84		86	1					
2009006	1	1	1	12	1	13	19	4	7012305	4	1104505			57	3,124	19	5							58	3,124	20	5							
2009007	1	1	1	12	7	13	19	4	4002817					10	5	11	5							12	5									
2009008	1	1	1	12	1	13	19	4	4002615					68	20090401									18	133001059	73	20090401							
2009009	1	1	1	12	4	13	19	4	4002615					17	133001066									18	133001066									
2009010	1	1	1	12	7	13	19	4	4002615					17	133001070									18	133001070									
2009011	1	1	1	12	10	13	19	4	4002615	4	4002906			17	133001071									18	133001071									
2009012	1	1	1	12	7	13	10	4	4002817					17	133001072									18	133001072									
2009013	1	1	1	12	1	13	19							3	4004301									4	40043									
2009014	1	1	1	12	19									84																				
5051001	1	1	1	12	1	13	14	4	200711					80	1	3	4003101							4	40031									
5051002	1	1	1	12	3	13	14	37	1					80	2	3	4003204							4	40032									
5051004	1	1	1	12	5	13	14	37	2					80	3	3	4003304							4	40033									
5051006	1	1	1	12	7	13	14	37	3					80	4	3	4003413							4	40034									
5051007	1	1	1	12	7	13	14	4	4003411					1	426									2	426									
5051008	1	1	1	12	11	13	14							47	53																			
5051013	1	1	1	12	1	13	14	4	4003102	40	0			17	133212590									85	133212590									
5051014	1	1	1	12	1	13	14	4	4003105	41	0			17	133212598									85	133212598									
5051015	1	1	1	12	3	13	14	4	4003201	40	1			17	133221068									85	133221068									
5051016	1	1	1	12	3	13	14	4	4003201	41	1			17	133220703									85	133220703									
5051017	1	1	1	12	5	13	14	4	4003301	40	2			17	133213554									85	133213554									
5051018	1	1	1	12	5	13	14	4	4003301	41	2			17	133213555									85	133213555									
5053001	1	1	1	12	1	13	11							3	7267001,7267101,7268001,7268101	17	133107189	1	428,3					4	72670,72671,72680,72681	18	133107189	2	428,3					
5053002	1		1	12	1	13	11	4	7267001					41	1									42	1									
5053003	1		1	12	3	13	11	4	7267001					41	2									42	2									
5053004	1		1	12	5	13	11	4	7267001					41	3									42	3									
5053005	1	1	1	12	1	13	11	38		4	7267003			48		1	436,3							49		2	436,3							
5053006	1		1	12	1	13	11	39	1	4	7267003			50	5																			
5053007	1		1	12	3	13	11	39	2	4	7267003			50	6																			
5053008	1		1	12	5	13	11	39	3	4	7267003			50	7																			
5053009	1		1	12	8	13	11							47	50																			
5054001	1		1	12	1									46	7,8																			
5054002	1		1	12	3									46	9,10																			
5054003	1		1	12	5									46	11,12,13																			
5054004	1		1	12	7									47	45																			
5055001	1	1	1	12	1	13	11	14	30	4	201310	4	7210818	3	7267401	3	7267901							4	72674,72679									
5055002	1	1	1	12	8	13	11							47	52																			
5055003	1	1	1	12	1	4	7267403	13	11					3	7226411									4	72264									
5055004	1	1	1	12	2	4	7226409	13	11					3	7267509									4	72675									
5055005	1	1	1	12	3	4	7267508	13	11					3	7267614									4	72676									
5055006	1	1	1	12	4	4	7267612	13	11					3	7226101									4	72261									
5055007	1	1	1	12	5	4	7226107	13	11	4	1100811	32	70661,1	3	7226201									4	72262									
5055008	1	1	1	12	6	4	7226210	13	11					3	7267709									4	72677									
5055009	1	1	1	12	7	4	7267707	13	11					3	7267810									4	72678									
5055010	1			12	11									97		4	72674,72264,72675,72676,72261,72262,72677,72678,72679																	
5055011	1	1	1	12	1	13	11	14	30	4	201310			3	4005301									4	40053									
5061001	1	1	1	12	1	14	30	4	201310					3	4005201									4	40052									
2010001	1	1	1	12	1	13	19																											
2010002	1	1	1	12	1	13	19	4	1101505					57	3,104	17	133107221,133107233,133107225,133104819,133107242							58	3,104	18	133107221,133107233,133107225,133104819,133107242							
2010003	1	1	1	12	1	13	19	4	102510																									
2010004	1	1	1	12	1	13	19	4	1101505																									
2010005	1	1	1	12	19									96		4	40038	4	40041															
2010006	1	1	1	12	15	13	19	4	1101505					47	55																			
2010007	1	1	1	12	1			32	40038,1																									
2010008	1	1	1	12	1			32	40038,1																									
2010201	1	1	1	12	1	13	19	4	1101505					3	4003501									4	40035									
2010202	1	1	1	12	3	13	19	4	4003507					3	4003601									4	40036									
2010203	1	1	1	12	7	13	19	4	4003614					3	4003701									4	40037									
2010205	1	1	1	12	1	13	19	4	4003503					95	1																			
2010210	1	1	1	12	3	13	19	4	4003614					95	2																			
2010211	1	1	1	12	7	13	19	4	4003712					95	3																			
2010206	1	1	1	12	1	13	19	32	40035,1					17	133107198,133102207									18	133107198,133102207									
2010207	1	1	1	12	1	13	19	32	40036,1					17	133107200,133101017,133104810,133107202,133107203									18	133107200,133101017,133104810,133107202,133107203									
2010208	1	1	1	12	1	13	19	32	40038,1					17	133102178,133107196,133107199,133107210,133102220,133102217	3	7165801							18	133102178,133107196,133107199,133107210,133102220,133102217	4	71658							
2010209	1	1	1	12	1	13	19	32	40035,1	32	40039,1			3	7166101									4	71661									
2010301	1	1	1	12	1	13	19	32	11008,1					17	133107241									18	133107241									
2010401	1	1	1	12	1	13	19	4	1101505					3	4003901									4	40039									
2010402	1	1	1	12	1	13	19	4	4003912					91	1																			
2010403	1	1	1	12	3	13	19	42	1					91	2																			
2010404	1	1	1	12	7	13	19	42	2					91	3																			
2010405	1	1	1	12	1	13	19	32	40039,1					17	133107197									18	133107197									
2010406	1	1	1	12	1	13	19	4	4003904					61	3,458,459,514,515									60	3,458,459,514,515									
2010601	1	1	1	12	1	13	19	4	1101505					3	4004001	17	133107211	1	467,3					4	40040	18	133107211	2	467,3					
2010602	1	1	1	12	1	13	19	4	4004001					89	1	17	133107227							90		18	133107227							
2010603	1	1	1	12	3	13	19	4	4004001					89	2									90										
2010604	1	1	1	12	7	13	19	4	4004001					89	3									90										
2010605	1	1	1	12	1	13	19	14	28					94																				
2010606	1	1	1	12	3	13	19	11	12010601,12010602,12010603					18	133107225	17	133107224							18	133107224									
2010607	1	1	1	12	7	13	19	11	12010604,12010605,12010606					18	133107224	17	133107226							18	133107226									
2010802	1	1	1	12	7	13	19	4	1101505					92		1	457,3									2	457,3							
5058001	1	1	1	12	1	4	7165904							88	1	1	447							2	447									
5058002	1	1	1	12	3	4	7165904							88	2	1	449							2	449									
5058003	1	1	1	12	5	4	7165904							88	3	1	451							2	451									
5058004	1	1	1	12	1	4	101609							3	7165901									4	71659									
5058005	1	1	1	12	5	4	7165905	44						3	7166001									4	71660									
5058006	1	1	1	12	8									47	54																			
5062001	1	1	1	12	1	13	12	4	1101505	4	1012214			3	7050201									4	70502									
5062002	1	1	1	12	8	13	12							47	56																			
5062003	1	1	1	12	1	13	12	4	7050205					100	1,2	3	7050401,7050501	17	133004064	1	511,3			4	70504,70505	18	133004064	2	511,3					
5062004	1	1	1	12	2	13	12	4	7050404,7050503					100	3,4	3	7050601,7050701							4	70506,70507									
5062005	1	1	1	12	3	13	12	4	7050604,7050703					100	5,6,7	3	7050301,7050801,7050901							4	70503,70508,70509									
5062006	1	1	1	12	4	13	12	11	15062001					101	1																			
5062007	1	1	1	12	4	13	12	11	15062001	43	1			101	2																			
5062008	1	1	1	12	5	13	12	11	15062001	43	2			101	3																			
5062009	1	1	1	12	5	13	12	11	15062001	43	3			101	4																			
5062010	1	1	1	12	4	13	12	11	15062001					102																				
5062011	1	1	1	12	1	13	12							99	410001,410002,410003,410004,410009																			
5062012	1	1	1	12	2	13	12							99	410005																			
5062013	1	1	1	12	3	13	12							99	410006,410008																			
5062014	1	1	1	12	4	13	12							99	410007																			
5062015	1	1	1	12	12	13	15	11	15062001					3	7051001									4	70510									
5062016	1	1	1	12	1	13	12																	117										
5062017	1	1	1	12	12	13	15							117																				
5062018	1	1	1	12	3	13	12	11	15062001																									
2011001	1	1	1	4	200908									3	4006001									4	40060									
2011002	1	1	1	4	200908									3	4006101	3	4006104							4	40061									
2011003	1	1	1	4	4004703									65	7									64	7									
2011004	1	1	1	4	200908	4	7227506							3	4004701									4	40047,40048,40049,40050,40051,40062									
2011005	1	1	1	4	4004717									3	7227601									4	72276									
2011006	1	1	1	4	200908	4	7227506							17	177002012									18	177002012									
2011101	1	1	1	12	1									98	1	19	6							20	6									
2011102	1	1	1	12	1									98	2																			
2011103	1	1	1	12	1									98	3																			
2011104	1	1	1	4	4004814									68	20111001,20111002									73	20111001,20111002									
2011105	1	1	1	4	4004914									68	20111003,20111004									73	20111003,20111004									
2011106	1	1	1	4	4005014									68	20111005,20111006									73	20111005,20111006									
2011107	1	1	1	4	4005116									68	20112001									73	20112001									
2011201	1	1	1	12	38									47	57																			
2011202	1	1	1	12	1	14	30							94																				
5065001	1	1	1	12	1	4	102510							103	1001	3	7166201							104		4	71662							
5065002	1	1	1	12	1	4	7166202							106	2122	72	512																	
5065003	1	1	1	12	2	45	2122							106	2120																			
5065004	1	1	1	12	3	45	2120							106	2121																			
5065005	1	1	1	12	4	45	2121							106	2119																			
5065006	1	1	1	12	5	45	2119							106	2123																			
5065007	1	1	1	12	1	4	7166207							105																				
5065008	1	1	1	12	16									47	59																			
5065009	1	1	1	12	1	4	7166201							1	512	71	512							2	512									
5065010	1	1	1	12	1	4	7166207							17	133103359									18	133103359									
5066001	1	1	1	12	1	4	7166302	4	7165501					115	6900212,6900317,6900615,6901415,6901515,6901615,6902015,6902110,6902210,6902310,6902410,6902510,6902610,6902710,6902910,6903010,6903110,6903210,6903310,6903410,6903510,6903610,6903710,6903810,6903910,6904110,6904210,6904310,6904410,6904510,6904610,6904712,6904810,6904912,6905012,6905110,6905213,6905217,6905312,6905412,6905512,6905612,6905712,6905812,6906312,6906412,6906612									116	6900212,6900317,6900615,6901415,6901515,6901615,6902015,6902110,6902210,6902310,6902410,6902510,6902610,6902710,6902910,6903010,6903110,6903210,6903310,6903410,6903510,6903610,6903710,6903810,6903910,6904110,6904210,6904310,6904410,6904510,6904610,6904712,6904810,6904912,6905012,6905110,6905213,6905217,6905312,6905412,6905512,6905612,6905712,6905812,6906312,6906412,6906612									
5066002	1	1	1	12	1									3	7166301									4	71663									
5066003	1	1	1	12	1	4	7166302							110	1	17	133107244									18	133107244							
5066004	1	1	1	12	2	4	7166302							110	2																			
5066005	1	1	1	12	3	4	7166302							110	3																			
5066006	1	1	1	12	4	4	7166302							110	4																			
5066007	1	1	1	12	5	4	7166302							110	5																			
5066008	1	1	1	12	6	4	7166302							110	6																			
5066009	1	1	1	12	7	4	7166302							110	7																			
5066010	1	1	1	12	22									47	61																			
5066011	1	1	1	12	1	4	7166302	4	7165501					115	6900812,6900912									116	6900812,6900912									
5067001	1	1	1	12	1									107	1																			
5067002	1	1	1	12	2									107	2																			
5067003	1	1	1	12	3									107	3																			
5067004	1	1	1	12	4									107	4																			
5067005	1	1	1	12	5									107	5																			
5067006	1	1	1	12	6									107	6																			
5067007	1	1	1	12	11									47	58																			
5067008	1	1	1	12	1	4	102510							3	7166401									4	71664									
5067009	1	1	1	12	1	4	7166401							1	520	71	520							2	520									
5067010	1	1	1	12	1	4	7166402							17	133106477	72	520							18	133106477									
2012001	1	1	1	12	1	13	19																											
2012002	1	1	1	12	1	13	19	4	4005402					57	3,147	17	133209073,133209071,133209092,133209101							58	3,147	18	133209073,133209071,133209092,133209101							
2012003	1	1	1	12	1	46	1202405	46	1203510	46	1204209	4	201310	3	4005401									4	40054	4	40055							
2012004	1	1	1	12	3	13	19	4	4005513					3	4005601									4	40056									
2012005	1	1	1	12	5	13	19	4	4005610					3	4005701									4	40057									
2012006	1	1	1	12	7	13	19	4	4005714					3	4005801									4	40058	4	40059							
2012007	1	1	1	12	7	13	19	4	4005914																									
2012008	1	1	1	12	1	13	19	4	4005513					3	7269101	17	133209078	1	563,3					4	72691	18	133209078	2	563,3					
2012009	1	1	1	12	2	13	19	4	7269105					3	7269206									4	72692									
2012010	1	1	1	12	3	13	19	4	7269205					3	7269306									4	72693									
2012011	1	1	1	12	3	13	19	4	4005610					3	7268501	17	133209077							4	72685	18	133209077							
2012012	1	1	1	12	5	13	19	4	4005714					3	7268601	17	133209099							4	72686	18	133209099							
2012013	1	1	1	12	5	13	19	4	7268601					3	7269801	1	566,3	17	133209079					4	72698	2	566,3	18	133209079					
2012014	1	1	1	12	6	13	19	4	7269801					3	7269901	17	133209080							4	72699	18	133209080							
2012015	1	1	1	12	7	13	19	4	7269901					3	7272001	17	133209081							4	72720	18	133209081							
2012016	1	1	1	12	8	13	19	4	7272001					3	7272101	17	133209082							4	72721	18	133209082							
2012017	1	1	1	12	5	13	19	4	4005714					3	7268701,7272201,7272301,7272501									4	72687,72722,72723,72725									
2012018	1	1	1	12	6	13	19	4	4005714	4	7268702			3	7268801									4	72688									
2012019	1	1	1	12	7	13	19	4	4005714	4	7268803			3	7268901									4	72689									
2012020	1	1	1	12	8	13	19	4	4005714	4	7268903			3	7269001									4	72690									
2012021	1	1	1	12	1	13	19	4	4005513					3	7227827									4	72278									
2012022	1	1	1	12	3	13	19	4	4005610					3	7227919									4	72279									
2012023	1	1	1	12	5	13	19	4	4005714					3	7228018									4	72280									
2012024	1	1	1	12	7	13	19	4	4005914					3	7228118									4	72281									
2012025	1	1	1	12	1	13	19	4	7228013					18	133209101																			
2012101	1	1	1	12	1	13	19	4	4005513																									
2012102	1	1	1	12	2	13	19	4	4005513	4	7269105																							
2012103	1	1	1	12	3	13	19	4	4005513	4	7269205																							
2012104	1	1	1	12	3	13	19	4	7268501					112		1	565,3							2	565,3									
2012108	1	1	1	12	5	13	19	4	7269801					113	1																			
2012109	1	1	1	12	6	13	19	4	7269901					113	2																			
2012110	1	1	1	12	7	13	19	4	7272001					113	3																			
2012111	1	1	1	12	8	13	19	4	7272101					113	4																			
2012112	1	1	1	12	5	13	19	4	4005714	4	7268701																							
2012113	1	1	1	12	6	13	19	4	4005714	4	7268702																							
2012114	1	1	1	12	7	13	19	4	4005714	4	7268803																							
2012115	1	1	1	12	8	13	19	4	4005714	4	7268903																							
2012116	1	1	1	12	5	13	19	4	7268701					114	1	27	133209076,2							18	133209076									
2012117	1	1	1	12	6	13	19	4	7268802					114	2	27	133209088,2							18	133209088									
2012118	1	1	1	12	7	13	19	4	7268902					114	3	27	133209089,2							18	133209089									
2012119	1	1	1	12	8	13	19	4	7269002					114	4	27	133209090,2							18	133209090									
2012120	1	1	1	12	1																													
2012121	1	1	1	12	1	13	19	4	7269101					111	1																			
2012122	1	1	1	12	2	13	19	4	7269201					111	2																			
2012123	1	1	1	12	3	13	19	4	7269301					111	3																			
2012124	1	1	1	12	5	13	19	4	4005714					17	133209076	1	564,3							18	133209076	2	564,3							
2012125	1	1	1	12	6	13	19	4	4005714	4	7268801			17	133209088									18	133209088									
2012126	1	1	1	12	7	13	19	4	4005714	4	7268901			17	133209089									18	133209089									
2012127	1	1	1	12	8	13	19	4	4005714	4	7269001			17	133209090									18	133209090									
2012128	1	1	1	12	1	13	19	14	30					94																				
2012129	1	1	1	12	1	13	19	4	7227823					17	133209084									18	133209084									
2012130	1	1	1	12	1	13	19	4	7227919					17	133209066									18	133209066									
2012131	1	1	1	12	16									47	63																			
5068001	1	1	1	12	1	4	201310	4	7268302					109	1,2									123	1,2									
5068002	1	1	1	12	2	4	201310	4	7268302					109	3,4									123	3,4									
5068003	1	1	1	12	3	4	201310	4	7268302					109	5,6									123	5,6									
5068004	1	1	1	12	4	4	201310	4	7268302					109	7,8									123	7,8									
5068005	1	1	1	12	5	4	201310	4	7268302					109	9,10									123	9,10									
5068006	1	1	1	12	6	4	201310	4	7268302					109	11,12									123	11,12									
5068007	1	1	1	12	7	4	201310	4	7268302					109	13,14									123	13,14									
5068008	1	1	1	47	1,2																													
5068009	1	1	1	47	3,4																													
5068010	1	1	1	47	5,6																													
5068011	1	1	1	47	7,8																													
5068012	1	1	1	47	9,10																													
5068013	1	1	1	47	11,12																													
5068014	1	1	1	47	13,14																													
5068015	1	1	1	12	1	4	7181107	4	201310					3	7268301	17	133221077							4	72683	18	133221077							
5068016	1	1	1	12	1	4	201310							3	7272401									4	72724									
5068017	1	1	1	12	7									47	62																			
5072001	1	1	1	12	1	13	22	4	7268407					76	1	17	133209097							18	133209097	2	570							
5072002	1	1	1	12	2	13	22	4	7268407					76	2	17	133209102							18	133209102									
5072003	1	1	1	12	3	13	22	4	7268407					76	3	17	133209103							18	133209103									
5072004	1	1	1	12	4	13	22	4	7268407					76	4	17	133209104							18	133209104									
5072005	1	1	1	12	5	13	22	4	7268407					76	5	17	133209105							18	133209105									
5072006	1	1	1	12	6	13	22	4	7268407					76	6																			
5072007	1	1	1	12	7	13	22	4	7268407					76	7																			
5072008	1	1	1	12	1	13	22	4	201310					3	7268401									4	72684									
5072009	1	1	1	12	1	4	7268407	13	22					118										119										
5072011	1	1	1	12	7	13	22	48						3	7250001									4	72500									
5072012	1	1	1	12	19	13	22							47	60																			
5072013	1	1	1	12	1	13	22	4	201310					17	133209095									18	133209095									
5076008	1		1	12	1									67	1																			
5076009	1		1	12	2									67	2																			
5076010	1		1	12	3									67	3																			
5076011	1		1	12	4									67	4																			
5076012	1		1	12	5									67	5																			
5076013	1		1	12	6									67	6																			
5076014	1		1	12	7									47	40																			
5076104	1		1	12	1	4	201310							3	7268201	17	133220745							4	72682	18	133220745							
5076105	1		1	12	1	4	7268201							1	469	71	469							2	469									
5076106	1	1	1	12	1	4	7268202							17	133221073	72	469							18	133221073									
5079001	1	1	1	12	1	51	3,2	52	1					3	7150101									4	71501									
5079002	1	1	1	12	1	4	7150102	52	1					68	50790101									73	50790101									
5079003	1	1	1	12	1			52	2					3	7150601									4	71506									
5079004	1	1	1	12	2	4	7150601	52	2					3	7150203									4	71502									
5079005	1	1	1	12	2	4	7150201	52	2					68	50790102									73	50790102									
5079006	1	1	1	12	2			52	3					3	7150701									4	71507									
5079007	1	1	1	12	3	4	7150701	52	3					3	7150303									4	71503									
5079008	1	1	1	12	3	4	7150301	52	3					68	50790103									73	50790103									
5079009	1	1	1	12	3			52	4					3	7150801									4	71508									
5079010	1	1	1	12	4	4	7150801	52	4					3	7150404									4	71504									
5079011	1	1	1	12	4	4	7150402	52	4					68	50790104									73	50790104									
5079012	1	1	1	12	4			52	5					3	7150901									4	71509									
5079013	1	1	1	12	5	4	7150901	52	5					3	7150503									4	71505									
5079014	1	1	1	12	5	4	7150501	52	5					68	50790105									73	50790105									
5079015	1	1	1	12	5	50		52	5					3	7151001									4	71510									
5079016	1	1	1	12	1	4	7150102	32	7150601,0					17	166001662									18	166001662									
5079017	1	1	1	12	2	4	7150201	32	7150701,0					17	166001663									18	166001663									
5079018	1	1	1	12	3	4	7150301	32	7150801,0					17	166001664									18	166001664									
5079019	1	1	1	12	4	4	7150402	32	7150901,0					17	166001665									18	166001665									
5079020	1	1	1	12	5	4	7150501	32	7151001,0					17	166001661									18	166001661									
5079021	1	1	1	12	1	4	7150601	32	7150201,0					17	166001658									18	166001658									
5079022	1	1	1	12	1	4	7150701	32	7150301,0					17	166001657									18	166001657									
5079023	1	1	1	12	1	4	7150801	32	7150401,0					17	166001659	17	133106624							18	166001659	18	133106624							
5079024	1	1	1	12	1	4	7150901	32	7150501,0					17	166001660									18	166001660									
5079026	1	1	1	12	10									47	64																			
5079027	1	1	1	12	4			52	5					17	133106624									18	133106624									
5079028	1	1	1	12	1	51	3,2																	18	166001606,166001581,166001630,166001582,166001574									
5079029	1	1	1	12	1	4	7150601							18	166001606																			
5079030	1	1	1	12	1	4	7150701							18	166001581																			
5079031	1	1	1	12	1	4	7150801							18	166001630																			
5079032	1	1	1	12	1	4	7150901							18	166001582																			
5079033	1	1	1	12	1	4	7151001																											
5079034	1	1	1	12	4	4	7150402	32	7150901,0					17	166003001									18	166003001									
5080001	1	1	1	12	1	4	7280705							3	7269401	17	133209093	1	574					4	72694,72726	18	133209093	2	574					
5080002	1	1	1	12	2	4	7269404							3	7269501									4	72695									
5080003	1	1	1	12	3	4	7269503							3	7269601									4	72696									
5080004	1	1	1	12	4	4	7269605							3	7269701									4	72697									
5080011	1	1	1	12	1	4	7269402							120	1																			
5080012	1	1	1	12	2	4	7269501							120	2																			
5080013	1	1	1	12	3	4	7269601							120	3																			
5080014	1	1	1	12	4	4	7269701							120	4,5,6																			
5080021	1	1	1	12	2	4	7269501							68	50800101	17	133001110							73	50800101	18	133001110							
5080022	1	1	1	12	2	4	7269502							68	50800201	17	133105079	87	50800101					73	50800201	18	133105079							
5080023	1	1	1	12	2	4	7269504							68	50800301	17	133213558	87	50800201					73	50800301	18	133213558							
5080024	1	1	1	12	2	4	7269505							87	50800301																			
5080030	1	1	1	12	4	4	7269701	54																										
5080031	1	1	1	12	9									47	68																			
5080040	1	1	1	12	3	4	7269603							17	133209094									18	133209094									
5080041	1	1	1	12	3	4	7269604							18	133209094																			
5080042	1	1	1	12	4	4	7269701							17	133209094									18	133209094									
2013001	1	1	1	12	1	13	22	4	7104520	46	1100811,1202618,1204209			3	101907																			
2013002	1	1	1	12	1	13	22	4	102807					121	1	1	7,20130	19	7	27	220130012,2,20130			2	7,20130	20	7	4	1027	27	220130012,1,20130			
2013003	1	1	1	12	3	13	22	4	102807					3	102901																			
2013004	1	1	1	12	3	13	22	4	102923					121	2									4	1032									
2013005	1	1	1	12	4	13	22	4	102923					3	103001																			
2013006	1	1	1	12	4	13	22	4	103106					121	3																			
2013007	1	1	1	12	5	13	22	4	103106	11	1201305,1201310,1201315			121	4																			
2013008	1	1	1	12	22									122																				
2013009	1	1	1	12	1	14	28	13	22					94																				
2013010	1	1	1	12	18	13	22							47	67																			
2013011	1	1	1	12	4	13	22	4	103103					2	7,20130	1	18,6	17	166004002	27	220130012,1,20130			2	18,6	18	166004002							
2013012	1	1	1	12	22	4	102510,7104520,1100811,1202618,1204209							3	101907																			
2013013	1	1	1	12	22	4	102807							3	102901																			
2013014	1	1	1	12	22	4	102923							3	103001																			
2013015	1	1	1	12	1	13	3	4	102807					3	102701																			
2013016	1	1	1	12	3	13	4	4	102923					3	103201																			
2014001	1	1	1	12	1																													
2014002	1	1	1	12	1																													
2014003	1	1	1	12	1	46	1050211	4	200212					3	4006401									4	40064									
2014004	1	1	1	12	2			4	4006415					3	4006502									4	40067	4	40065	4	40066					
2014005	1	1	1	12	3			4	4006714					3	4006801									4	40070	4	40068	4	40069					
2014006	1	1	1	12	4			4	4007017					3	4007101									4	40073	4	40071	4	40072					
2014007	1	1	1	12	5			4	4007318					3	4007401									4	40077	4	40074	4	40075	4	40076			
2014008	1	1	1	12	36									47	70																			
2014009	1	1	1	12	2			4	4006714					124	1																			
2014010	1	1	1	12	3			4	4007017					124	2																			
2014011	1	1	1	12	4			4	4007318					124	3																			
2014012	1	1	1	12	5			4	4007613					124	4																			
2014013	1	1	1	12	1			4	4006407					65	9	60	9,59							64	9	61	9,59							
2014014	1	1	1	12	1			4	4006415					68	20140101	125	1							73	20140101									
2014015	1	1	1	12	1			4	4006415					68	20140201	125	2							73	20140201									
2014016	1	1	1	12	1			4	4006415					68	20140301	125	3							73	20140301									
2014017	1	1	1	12	2			4	4006415					68	20140401	125	4							73	20140401									
2014018	1	1	1	12	2			4	4006415					68	20140501	125	5							73	20140501									
2014019	1	1	1	12	3			4	4006415					68	20140601	125	6							73	20140601									
2014020	1	1	1	12	1			14	32					94																				
2014021	1	1	1	4	4006414									17	199001159									18	199001159									
2014022	1	1	1	4	4006414	13	2							17	199001025									18	199001025									
2014023	1	1	1	4	4006714	13	3							17	199001247									18	199001247									
2014024	1	1	1	4	4007017	13	4							17	199001040,199001041,199001044									18	199001040,199001041,199001044									
2014025	1	1	1	4	4007318	13	5							17	199001045,199001228,199001229									18	199001045,199001228,199001229									
2014026	1	1	1	4	4007710									17	199001232,199001231,199001230,199001048									18	199001232,199001231,199001230,199001048									
2014027	1	1	1	4	4006414	32	20013,1	4	49010					17	133004053									18	133004053									
5082001	1	1	1	12	1	32	10003,1							3	7051401	1	578,3	17	133004074					4	70514	2	578,3	18	133004074					
5082002	1	1	1	11	15082006	4	7051404							3	7051501									4	70515									
5082101	1	1	1	12	7									47	65																			
5082102	1	1	1	12	1	4	7051404							127	1																			
5082103	1	1	1	12	2	4	7051404							127	2																			
5082104	1	1	1	12	3	4	7051404							127	3																			
5082105	1	1	1	12	4	4	7051404							127	4																			
5082106	1	1	1	12	5	4	7051404							127	5																			
5082107	1	1	1	12	6	4	7051404							127	6																			
5083001	1	1	1	12	1	4	4006415							3	7051701									4	70517									
5083002	1	1	1	12	1	4	7051701							126	1	17	199001104							18	199001104									
5083003	1	1	1	12	2	4	7051701							126	2																			
5083004	1	1	1	12	3	4	7051701							126	3																			
5083005	1	1	1	12	4	4	7051701							126	4																			
5083006	1	1	1	12	5	4	7051701							126	5																			
5083007	1	1	1	12	6	4	7051701							126	6																			
5083008	1	1	1	12	1	4	7051701							17	199002107	1	57,9							18	199002107	2	57,9							
5083009	1	1	1	12	8									47	78																			
5084001	1	1	1	12	36									47	80																			
5084002	1	1	1	12	1	4	7902411							17	199001212,199001213,199001214									18	199001212,199001213,199001214									
5084003	1	1	1	12	1	4	4006407							128	4,2811	17	199001216,199001217,199001218,199001223							129	4,2811	18	199001216,199001217,199001218,199001223							
5084004	1	1	1	12	1	4	4006502							128	4,2821	128	4,28213	128	4,28214					129	4,2821	129	4,28213	129	4,28214					
5084005	1	1	1	12	1	4	4006515							128	4,2822									129	4,2822									
5084006	1	1	1	12	1	4	4006714							3	7902501	128	4,2823							4	79025	129	4,2823	4	79035					
5084007	1	1	1	12	1	4	4006810							128	4,2831									129	4,2831									
5084008	1	1	1	12	1	4	4006913							128	4,2832									129	4,2832									
5084009	1	1	1	12	1	4	4007009							128	4,2833									129	4,2833									
5084010	1	1	1	12	1	4	4007115							128	4,2841									129	4,2841									
5084011	1	1	1	12	1	4	4007213							128	4,2842									129	4,2842									
5084012	1	1	1	12	1	4	4007318							128	4,2843	3	7902601							129	4,2843	4	79026							
5084013	1	1	1	12	1	4	4007409							128	4,2851	3	7901301							129	4,2851	4	79013							
5084014	1	1	1	12	1	4	4007613							3	7902120	3	7902001							4	79021	4	79020,79028,79029,79030,79031,79032,79037,79019,79040							
5084015	1	1	1	12	1	4	4007707							17	199002064	129	4,28214							18	199002064									
5084016	1	1	1	12	1	4	4007710							17	199001219,199001220,199001221,199001222,199001225,199001226,199001227,199001127,199001049,199001046,199001036	3	7902214	3	7902314	3	7902401			18	199001219,199001220,199001221,199001222,199001225,199001226,199001227,199001127,199001049,199001046,199001036	4	79022	4	79023	4	79024	4	79033	
5084017	1	1	1	12	33	4	7902119							3	7902701									4	79027									
5084018	1	1	1	12	1	4	4006618							3	7903603									4	79036									
5084019	1	1	1	12	1	4	7902119							17	199002061,199002062									18	199002061,199002062									
5084020	1	1	1	12	1	4	7902710							129	4,28213	18	199002064,199002061,199002062																	
5084021	1	1	1	12	1																													
5084022	1	1	1	12	1	4	4007613							61	9,59																			
5084023	1	1	1	12	1									4	79040																			
5085001	1	1	1	12	1	4	7051207							17	133001101	1	580							18	133001101	2	580							
5085002	1	1	1	12	1	4	39604	4	46618					3	7051201									4	70512									
5085003	1	1	1	12	7	4	7051207	53						3	7051301									4	70513									
5085004	1	1	1	12	16									47	66																			
5085005	1	1	1	12	1	4	39604	4	46618					17	133001093	3	7051608							4	70512	4	70513	4	70516	18	133001093	27	201018003,1,1018	
5085006	1	1	1	12	1									17	133001222									18	133001222									
5087001	1	1	1	12	1									130	1																			
5087002	1	1	1	12	3									130	2																			
5087003	1	1	1	12	5									130	3																			
5087004	1	1	1	12	7									130	4																			
5087005	1	1	1	12	8									47	69																			
5087006	1	1	1	12	1									3	7365101	1	613	71	613					4	73651	2	613							
5087007	1	1	1	12	7	4	7365101	55						3	7365201									4	73652									
5087008	1	1	1	12	1	4	7365101							72	613	17	133302230							18	133302230									
5087009	1	1	1	4	7365201									18	133302230																			
5090001	1	1	1	12	1	4	7365002							134	1																			
5090002	1	1	1	12	2	4	7365002							134	2																			
5090003	1	1	1	12	3	4	7365002							134	3																			
5090004	1	1	1	12	4	4	7365002							134	4																			
5090005	1	1	1	12	5	4	7365002							134	5																			
5090006	1	1	1	12	6	4	7365002							134	6																			
5090007	1	1	1	12	7	4	7365002							134	7																			
5090011	1	1	1	12	1	4	39604							3	7365001									4	73650									
5090012	1	1	1	12	1	4	7365001							1	620	71	620							2	620									
5090013	1	1	1	12	1	4	7365002							72	620	17	133302229							18	133302229									
5090021	1	1	1	12	15									47	81																			
2015001	1		1	12	32									47	71																			
2015002	1	1	1	12	1	4	7350014							131	1																			
2015003	1	1	1	12	5	4	7350014							131	2																			
2015004	1	1	1	12	8	4	7350014							131	3																			
2015005	1	1	1	12	11	4	7350014							131	4																			
2015006	1	1	1	12	1	46	300420							3	7350001									4	73500									
2015007	1	1	1	12	8	4	7350014							3	7350101									4	73501									
2015008	1	1	1	12	1	4	7350014							135	1																			
2015009	1	1	1	12	5	4	7350014							135	2																			
2015010	1	1	1	12	8	4	7350014							135	3																			
2015011	1	1	1	12	11	4	7350014							135	4																			
2015012	1	1	1	12	1	46	300420							17	133304414,133304102									18	133304414,133304102									
2015013	1	1	1	12	1	14	20							94																				
2015014	1	1	1	12	1	4	7350014							17	133304415	1	624,3	3	7350501					18	133304415	2	624,3	4	73505					
2015101	1	1	1	12	1	4	7350014							133	1																			
2015102	1	1	1	12	3	4	7350014							133	2																			
2015103	1	1	1	12	4	4	7350014							133	3																			
2015104	1	1	1	12	5	4	7350014							133	4																			
2015105	1	1	1	12	6	4	7350014							133	5																			
2015106	1	1	1	12	7	4	7350014							133	6																			
2015107	1	1	1	12	8	4	7350014							133	7																			
2015201	1	1	1	12	1	4	7350014							68	20150128,20150129,20150130,20150131,20150139	132	1							73	20150128,20150129,20150130,20150131,20150139									
2015202	1	1	1	12	5	4	7350014							68	20150132,20150133,20150134	132	2							73	20150132,20150133,20150134									
2015203	1	1	1	12	8	4	7350014							68	20150135,20150136,20150137	132	3							73	20150135,20150136,20150137									
2015204	1	1	1	12	11	4	7350014	4	7302515					68	20150138	132	4							73	20150138									
5091001	1	1	1	12	1	13	18							3	7367401									4	73674									
5091002	1	1	1	12	1	13	18							17	133302270	1	622,3							18	133302270	2	622,3							
5091003	1	1	1	12	15	13	18							47	79																			
5091011	1	1	1	12	1	13	18	4	7367401					136	1	68	50910101							87	50910101									
5091012	1	1	1	12	2	13	18	56	1					136	2	68	50910102							87	50910102									
5091013	1	1	1	12	3	13	18	56	2					136	3	68	50910103							87	50910103									
5091014	1	1	1	12	4	13	18	56	3					136	4	68	50910104							87	50910104									
5091015	1	1	1	12	5	13	18	56	4					136	5	68	50910105							87	50910105									
5091016	1	1	1	12	6	13	18	56	5					136	6	68	50910106							87	50910106									
5091017	1	1	1	12	1	13	18	56	1					73	50910101																			
5091018	1	1	1	12	2	13	18	56	2					73	50910102																			
5091019	1	1	1	12	3	13	18	56	3					73	50910103																			
5091020	1	1	1	12	4	13	18	56	4					73	50910104																			
5091021	1	1	1	12	5	13	18	56	5					73	50910105																			
5091022	1	1	1	12	6	13	18	56	6					73	50910106																			
5094001	1		1	12	1	4	7272702							67	1																			
5094002	1		1	12	2	4	7272702							67	2																			
5094003	1		1	12	3	4	7272702							67	3																			
5094004	1		1	12	4	4	7272702							67	4																			
5094005	1		1	12	5	4	7272702							67	5																			
5094006	1		1	12	6	4	7272702							67	6																			
5094007	1		1	12	11									47	40																			
5094008	1		1	12	1	4	201310							3	7272701									4	72727									
5094009	1		1	12	1	4	7272701							1	627	71	627							2	627									
5094010	1	1	1	12	1	4	7272702							17	133221098	72	627							18	133221098									
2016001	1	1	1	12	1	13	19	4	4007815					57	3,152	57	3,153	17	133002149,133002153,133002040,133002147					58	3,152	58	3,153	18	133002149,133002153,133002040,133002147					
2016002	1	1	1	12	1	13	19	4	39604	4	45406			3	4007801	3	4008801							4	40078	4	40088							
2016003	1	1	1	12	4	13	19	4	4007813					3	4007901									4	40079									
2016004	1	1	1	12	7	13	19	4	4007908					3	4008001									4	40080	27	133001039,1							
2016005	1	1	1	12	1	13	19	4	7368201					68	20160107	142	1							87	20160107,20160108,20160109,20160110,20160111									
2016006	1	1	1	12	4	13	19	4	7368201					68	20160112	142	2							87	20160112,20160113,20160114,20160115,20160116									
2016007	1	1	1	12	7	13	19	4	7368201					68	20160117	142	3							87	20160117,20160118,20160119,20160120,20160121									
2016008	1	1	1	12	3	13	19	4	7368001					141	1	17	133002112							18	133002112									
2016009	1	1	1	12	5	13	19	4	7368001	57	1			141	2																			
2016010	1	1	1	12	7	13	19	4	7368001	57	2			141	3																			
2016011	1	1	1	12	1	13	19	4	7367701					17	133002146,133002101									18	133002146,133002101									
2016012	1	1	1	12	4	13	19	4	7367801					17	133002100,133002102									18	133002100,133002102									
2016013	1	1	1	12	7	13	19	4	7367901					17	133002145									18	133002145									
2016014	1	1	1	12	3	13	19	4	7368101					143	1																			
2016015	1	1	1	12	1	13	19	4	4007813					3	7367701	140	1							4	73677									
2016016	1	1	1	12	4	13	19	4	7367702					3	7367801	140	2	18	133002101					4	73678									
2016017	1	1	1	12	7	13	19	4	7367802					3	7367901	140	3	18	133002102					4	73679									
2016018	1	1	1	12	3	13	19	4	4007813					3	7368001									4	73680									
2016019	1	1	1	12	3	13	19	4	7051902	57	1			3	7368101									4	73681									
2016020	1	1	1	12	1	13	19	4	4007813					3	7368201	17	133002165	19	8					4	73682	18	133002165	20	8					
2016021	1	1	1	12	16	13	19							47	84																			
2016022	1	1	1	12	2	13	19	4	4007813					3	7051801									4	70518									
2016023	1	1	1	12	2	13	19	4	7051803					145		3	7052201	3	7052301	1	695	1	696	4	70522	4	70523	2	695	2	696			
2016024	1	1	1	12	2	13	19	60	32000					3	7051901	151								4	70519									
2016025	1	1	1	12	2	13	19	4	7051902					146	1	148		1	694					2	694									
2016026	1	1	1	12	2	13	19	59	10					149	0																			
2016027	1	1	1	12	5	13	19	59	10					3	7052001									4	70520									
2016028	1	1	1	12	5	13	19	4	7052001					146	2	146	3	149	1	154														
2016029	1	1	1	12	5	13	19	60	1000000	59	20	61		150		3	7052101							4	70521									
2016030	1	1	1	12	5	13	19	4	7052102					147																				
2016032	1	1	1	12	2	13	19	59	2					152																				
2016033	1	1	1	12	2	13	19	59	5					153																				
2016031	1	1	1	12	19									144		27	133001039,1																	
2016034	1	1	1	12	7	13	19	4	7367902					1	688									2	688									
2016035	1	1	1	12	7	13	19	4	4008006					17	133003099,133002116,133002043,133003100,133004081									18	133003099,133002116,133002043,133003100,133004081									
2016036	1	1	1	12	1	14	21	13	19					94																				
2016037	0	1	1	12	1	13	19							27	201004011,2,1004									27	201004011,1,1004									
2016038	1	1	1	12	1	13	19	4	7367702					1	686									2	686									
2016039	1	1	1	12	4	13	19	4	7367802					1	687									2	687									
5095001	1	1	1	12	1									138	1																			
5095002	1	1	1	12	2									138	2																			
5095003	1	1	1	12	3									138	3																			
5095004	1	1	1	12	4									138	4																			
5095005	1	1	1	12	5									138	5																			
5095006	1	1	1	12	1	14	20							3	7066401									4	70664									
5095007	1	1	1	12	1	14	20							1	656	71	656							2	656									
5095008	1	1	1	12	1	4	7066401							72	656																			
5095009	1	1	1	12	1	4	7066401							17	133002106									18	133002106									
5095010	1	1	1	12	11									47	86																			
5096001	1	1	1	12	1	46	300612							3	7367501									4	73675	18	133303650							
5096002	1	1	1	12	1	4	7367501							68	50960101	139	1	3	7368501					87	50960101	4	73685							
5096003	1	1	1	12	2	4	7367501							68	50960102	139	2							87	50960102									
5096004	1	1	1	12	3	4	7367501							68	50960103	139	3							87	50960103									
5096005	1	1	1	12	4	4	7367501							68	50960104	139	4							87	50960104									
5096006	1	1	1	12	5	4	7367501							68	50960105	139	5							87	50960105									
5096007	1	1	1	12	6	4	7367501							68	50960106	139	6							87	50960106									
5096008	1	1	1	12	7	58	1,2,3,4,5,6							3	7367601	139	7							4	73676									
5096009	1	1	1	12	7									47	85																			
2017001	1	1	1	12	1	13	19	46	302617	46	1203106	4	102510	3	4008101	17	133302715,133304580	57	3,154					4	40081,40094	18	133302715,133304580	58	3,154					
2017002	1	1	1	12	2	13	19	4	4008122					3	4008201									4	40082									
2017003	1	1	1	12	3	13	19	4	4008211					3	4008301									4	40083									
2017004	1	1	1	12	4	13	19	4	4008313					3	4008401									4	40084									
2017005	1	1	1	12	5	13	19	4	4008415					3	4008501									4	40085,40087									
2017006	1	1	1	12	6	4	4008512							3	4008604									4	40086									
2017101	1	1	1	12	2	13	19	4	4008202					159	1	1	682							2	682									
2017102	1	1	1	12	3	13	19	4	4008301					159	2																			
2017103	1	1	1	12	3	13	19	4	4008309					159	3																			
2017104	1	1	1	12	4	13	19	4	4008401					159	4																			
2017105	1	1	1	12	4	13	19	4	4008406					159	5																			
2017106	1	1	1	12	5	13	19	4	4008517					159	6																			
2017111	1	1	1	12	2	13	19	4	4008213					27	133304573,2	27	133304574,2	27	133304575,2															
2017112	1	1	1	12	3	13	19	4	4008314					27	133304573,3	27	133304574,3	27	133304575,3															
2017113	1	1	1	12	3	13	19	4	4008315					27	133304573,4	27	133304574,4	27	133304575,4	17	133315335			18	133315335									
2017114	1	1	1	12	4	13	19	4	4008402					27	133304573,5	27	133304574,5	27	133304575,5	18	133315335													
2017115	1	1	1	12	4	13	19	4	4008412					27	133304573,6	27	133304574,6	27	133304575,6	17	133315338			18	133315338									
2017116	1	1	1	12	5	13	19	4	4008506					27	133304573,7	27	133304574,7	27	133304575,7	2	682													
2017121	1	1	1	12	1	13	19	4	4008121					17	133304574,133304575,133304576,133304507									18	133304574,133304575,133304576,133304507									
2017122	1	1	1	12	1	13	19	4	4008122					17	133304573									18	133304573									
2017123	1	1	1	12	5	13	19	4	4008415					18	133315338																			
2017201	1	1	1	12	1	13	19	4	4008109					155	1	68	20170101							87	20170101									
2017202	1	1	1	12	1	13	19	62	1					155	2	68	20170102							87	20170102									
2017203	1	1	1	12	2	13	19	62	2					155	3	68	20170103							87	20170103									
2017204	1	1	1	12	3	13	19	62	3					155	4	68	20170104							87	20170104									
2017205	1	1	1	12	4	13	19	62	4					155	5	68	20170105							87	20170105									
2017301	1	1	1	12	1	13	19	4	4008113					156	1	1	707							2	707									
2017302	1	1	1	12	1	13	19	4	4008113					156	2																			
2017303	1	1	1	12	1	13	19	4	4008113					156	3																			
2017304	1	1	1	12	1	13	19	4	4008113					156	4																			
2017305	1	1	1	12	2	13	19	4	4008113					156	5																			
2017306	1	1	1	12	2	13	19	4	4008113					156	6																			
2017307	1	1	1	12	3	13	19	4	4008113					156	7																			
2017308	1	1	1	12	3	13	19	4	4008113					156	8																			
2017309	1	1	1	12	4	13	19	4	4008113					156	9																			
2017310	1	1	1	12	4	13	19	4	4008113					156	10																			
2017401	1	1	1	12	1	13	19	4	4008119					157	1	1	704							2	704									
2017402	1	1	1	12	2	13	19	4	4008119					157	2																			
2017403	1	1	1	12	3	13	19	4	4008119					157	3																			
2017404	1	1	1	12	4	13	19	4	4008119					157	4																			
2017405	1	1	1	12	5	13	19	4	4008119					157	5																			
2017501	1	1	1	12	19									162		2	704	2	707	2	682													
2017502	1	1	1	12	1	32	4008512,1																											
2017601	1	1	1	12	15	13	19							47	88																			
2017602	1	1	1	12	1	13	19	14	30					94																				
5099001	1	1	1	12	1									160	1																			
5099002	1	1	1	12	2									160	2																			
5099003	1	1	1	12	3									160	3																			
5099004	1	1	1	12	4									160	4																			
5099005	1	1	1	12	5									160	5																			
5099008	1	1	1	12	14									47	83																			
5108001	1	1	1	12	1	4	201310	46	1201309,1101215	4	7250102			109	15,16									123	15,16									
5108002	1	1	1	12	2	4	201310	46	1201309,1101215	4	7250102			109	17,18									123	17,18									
5108003	1	1	1	12	3	4	201310	46	1201309,1101215	4	7250102			109	19,20									123	19,20									
5108004	1	1	1	12	4	4	201310	46	1201309,1101215	4	7250102			109	21,22									123	21,22									
5108005	1	1	1	12	5	4	201310	46	1201309,1101215	4	7250102			109	23,24									123	23,24									
5108006	1	1	1	12	6	4	201310	46	1201309,1101215	4	7250102			109	25,26									123	25,26									
5108007	1	1	1	12	7	4	201310	46	1201309,1101215	4	7250102			109	27,28									123	27,28									
5108008	1	1	1	47	15,16																													
5108009	1	1	1	47	17,18																													
5108010	1	1	1	47	19,20																													
5108011	1	1	1	47	21,22																													
5108012	1	1	1	47	23,24																													
5108013	1	1	1	47	25,26																													
5108014	1	1	1	47	27,28																													
5108015	1	1	1	12	1	4	201310	46	1201309,1101215	4	7181107			17	133220692	3	7250101							18	133220692	4	72501							
5108016	1	1	1	12	16									47	87																			
5108017	1	1	1	12	2	13	5	4	201310	46	1201309,1101215	4	7250102	17	133220643									18	133220643									
5108018	1	1	1	12	5	4	201310	46	1201309,1101215	4	7250102			17	133220721									18	133220721									
5107001	1	1	1	12	1									1	699	161	1,0	17	133001056					2	699	18	133001056							
5107002	1	1	1	12	1	11	1510704							161	1,3																			
5107003	1	1	1	12	1	11	1510707							161	1,4																			
5107004	1	1	1	12	3									161	2,0																			
5107005	1	1	1	12	3	11	1510711							161	2,3																			
5107006	1	1	1	12	3	11	1510714							161	2,4																			
5107007	1	1	1	12	5									161	3,0																			
5107008	1	1	1	12	5	11	1510718							161	3,3																			
5107009	1	1	1	12	5	11	1510721							161	3,4																			
5107010	1	1	1	12	7									161	4,0																			
5107011	1	1	1	12	7	11	1510725							161	4,3																			
5107012	1	1	1	12	7	11	1510728							161	4,4																			
5107013	1	1	1	12	10									47	95																			
