子任务ID	父任务ID	序列	子任务组	禁止进入联机	显示状态	[领取条件]组合	[领取条件]1类型	[领取条件]1参数1	[领取条件]1参数2	[领取条件]1参数3	[领取条件]2类型	[领取条件]2参数1	[领取条件]2参数2	[领取条件]2参数3	[领取条件]3类型	[领取条件]3参数1	[领取条件]3参数2	[领取条件]3参数3	[完成条件]组合	[完成条件]1类型	[完成条件]1参数1	[完成条件]1参数2	[完成条件]1复杂参数	[完成条件]1次数	[完成条件]2类型	[完成条件]2参数1	[完成条件]2复杂参数	[完成条件]2次数	[完成条件]3类型	[完成条件]3参数1	[完成条件]3复杂参数	[完成条件]3次数	[失败条件]组合	[失败条件]1类型	[失败条件]1参数1	[失败条件]1复杂参数	[失败条件]1次数	[失败条件]2类型	[失败条件]2参数1	[失败条件]2复杂参数	[失败条件]2次数	[任务指引]类型	[任务指引]自动开启或关闭	[任务指引]参数1	[任务指引]参数2	[任务指引]场景ID	[任务指引]样式	[任务指引]显示层级	场景内指引	完成父任务	失败父任务	是存档点	[任务道具]ID	[任务道具]数量	[执行]1类型	[执行]1参数1	[执行]1参数2	[执行]2类型	[执行]2参数1	[执行]2参数2	[执行]3类型	[执行]3参数1	[执行]3参数2	[失败执行]1类型	[失败执行]1参数1	[失败执行]1参数2	[失败执行]2类型	[失败执行]2参数1	[失败执行]2参数2	[失败执行]3类型	[失败执行]3参数1	[失败执行]3参数2	[开始执行]1类型	[开始执行]1参数1	[开始执行]1参数2	[开始执行]2类型	[开始执行]2参数1	[开始执行]2参数2	[开始执行]3类型	[开始执行]3参数1	[开始执行]3参数2	独占NPC	共享NPC	独占优先级	试用角色列表	加载技能组	独占情境ID	CoopPointID	刷新是否限定单机	关卡映射
1011001	10110	1				1	1	39604	3		44	20009	1		47	3				2	1011001																					2		160101	30	3	2	2	1			1																														1001,1601		1100						
1011002	10110	2					1	1011001	3											2	1011002																					2		1425		3	2	2				1			23	10110051	1																									1001,1425,1601		1100						
1011003	10110	3					1	1011002	3											2	1011003																					2		1567		3	2	2				1			23	10110051	1																									1001,1567,1425		1100						
1011004	10110	4					1	1011003	3											2	1011004																					2		1009	20	3	2	2				1			23	10110051	1																									1001,1004,1009,1593,1577,1567		1100						
1011005	10110	5					1	1011004	3											2	1011007																					2		1605		3	2	2				1																														1001,1605,1004,1009,1593,1577		1100						
1011010	10110	6	1	1			1	99902	3											24	10110101			3																		1		Q1011008Ailin	30	3	4	2				1																														1001,1605		1100						
1011006	10110	7		1	1		1	99902	3											20			1330049161	1										20		1330049162	1					1		Q1011008Ailin	30	3	4	2				1			19	3	133004916,1	23	10110101	1				14	1011006								19	3	133004916,2							1001,1605		1100						
1011007	10110	8		1	1		1	99902	3											20			1330043181	1										20		1330043182	1					1		Q1011008Ailin	30	3	4	2				1			19	3	133004918,1	23	10110101	1				14	1011007								19	3	133004318,2							1001,1605		1100						
1011008	10110	9		1			1	1011005	3											20			1330043191	1										20		1330043192	1					1		Q1011008Ailin	30	3	4	2				1			19	3	133004319,1							19	3	133004319,1	14	1011008					19	3	133004319,2							1001,1605		1100						
1011009	10110	10					1	1011008	3											2	1011009																					2		1605		3	2	2		1		1																														1001,1605		1100						
1011100	10111	1			1		1	1011009	3											4	1011100																																																																					
1011101	10111	2		1			1	1011009	3											9	1011	22																				1		LisaDungeon		3	2	2				1			12	18																										1001,1413,1411,1605		1100						
1011107	10111	3		1	1		1	1011101	3											20			200325005	1																																																													18					
1011102	10111	4		1			1	1011101	3											20			200322003	1									2	19	1011			10	3													1												14	1011101																	1001,1413,1411		1100	18					
1011103	10111	5		1			1	1011102	3											20			200322001	1									2	19	1011			10	3													1												14	1011101																	1001,1413,1411		1100	18					
1011111	10111	6		1	1		1	1011103	3											4	1011111																																		15	20032	220032002																												18					
1011104	10111	7		1	1		1	1011103	3											2	1011104												2	19	1011			10	3													1												14	1011101																	1001,1413,1411		1100	18					
1011105	10111	8		1			1	1011104	3											20			1011105	1									2	19	1011			10	3													1			20	18								14	1011101																	1001,1413,1411		1100	18					
1011106	10111	9		1	1		1	1011105	3											2	1011106													10	3															1		1												14	1011101																									
1011200	10112	1			1		1	1011106	3											4	1011200													8	1011200																	1																																						
1011201	10112	2		1			1	1011106	3										2	4	1011201				20		1330019081	1														1		Q1011201Target	80	3	4	2				1																					19	3	133001387,2;133001356,3	19	3	133001392,2	19	3	133001908,1	1001,1413,1411		1100						
1011202	10112	3		1			1	1011201	3											20			133001908	1																		1		Q1011203Target	30	3	4	2				1			19	3	133001908,2																									1001,1413,1411		1100						
1011203	10112	4		1			1	1011202	3											20			133001387	1																		1		Q1011203Target		3	2	2				1																														1001,1413,1411		1100						
1011204	10112	5		1	1		1	1011203	3											2	1011204																					2		1001		3	2	2				1																														1001,1413,1411		1100						
1011212	10112	6			1		1	1011203	3											4	1011212																																		19	3	133001387,1																																	
1011205	10112	7					1	1011204	3											4	1011205																					1		Q1011205Target	80	3	2	2				1			19	3	133001356,1	19	3	133001392,1	19	3	133001908,2										19	3	133001911,1							1001,1413,1411		1100						
1011206	10112	8		1			1	1011205	3											2	1011206																					2		10243		3	2	2				1																														1001,1413,1411		1100						
1011207	10112	9		1	1		1	1011205	3											4	1011207													8	1011207							2		10243		3	2	2																																		1001,1413,1411		1100						
1011208	10112	10		1	1		1	1011205	3											4	1011208													8	1011208							2		10243		3	2	2																																		1001,1413,1411		1100						
1011213	10112	11		1	1		1	1011208	3											2	1011208																																																													1001,1413,1411		1100						
1011209	10112	12		1			1	1011213	3											20			133001909	3																		1		Q1011205QQman	30	3	4	2				1			19	3	133001909,2																19	3	133001909,1							1001,1413,1411		1100						
1011210	10112	13		1			1	1011209	3											2	1011211																					2		10243		3	2	2				1																														1001,1413,1411		1100						
1011211	10112	14		1		2	1	1011210	3		1	1011207	3							2	1011210																					2		1001		3	2	2		1		1																														1001,1413,1411		1100						
1011300	10113	1					1	1011211	3											18	0		18,23																													1																																						
1011301	10113	2					1	1011300	3											4	1011301													18	0	23,18						1		Npc1414Born		1009	4	2				1			19	3	133001911,2	10	1		19	1009	201009003,2	14	1011300																	1001,1009,1413,1411,1404,1410,1412,1414,1465,1475,1477,1523,1603		1100						
1011302	10113	3					1	1011301	3											4	1011302													149	1009							1		Npc1414Born		1009	4	2				1												14	1011300		10	0														1001,1009,1413,1411,1404,1410,1412,1414,1465,1475,1477,1523,1603		1100						
1011303	10113	4			1		1	1011302	3											2	1011303													149	1009							2		141101		1009	4	2																14	1011300		10	0														1001,1009,1413,1411,1404,1410,1412,1414,1465,1475,1477,1523,1603		1100						
1011304	10113	5					1	1011303	3											2	1011304													149	1009							2		141101		1009	4	2				1						10	0					14	1011300		10	0														1001,1009,1413,1411,1404,1410,1412,1414,1465,1475,1477,1523,1603		1100						
1011305	10113	6					1	1011304	3											2	1011305																					2		1001		3	4	2				1									19	1009	201009003,1																			1001,1009,1413,1411,1404,1410,1412,1414,1465,1475,1477,1523,1603		1100			7267605			
1011306	10113	7			1		1	1011305	3											4	1011306																					2		1001		3	4	2		1		1			43	20013	1																																	
1011401	10114	1			1		1	1011306	3											4	1011401																													1		1																																						
1020001	10200	1				1	1	45406	3		47	1			44	20001	1			18	0		18,6																													1																																						
1020002	10200	2			1		1	99902	3											20			133004913	1										18	0	6,18																												14	1020001								19	3	133004913,2															
1020015	10200	3					1	1020001	3											2	1020002													18	0	6,18						2		1467		3	2	2				1												14	1020001																	1603,1413,1523,1465,1467,1006,10090		1100						
1020003	10200	4					1	1020015	3											20			201009004	1																		1		Q10200Pub		1009	4	2				1																					19	1009	201009004,2							1603,1413,1523,1465,1467,1006,10090		1100						
1020004	10200	5	1				1	1020003	3											2	1020007																					2		141401		1009	2	2							23	1020014	1																									1603,1413,1523,1465,1467,1006,10090		1100						
1020011	10200	6	1				1	1020003	3											2	1020008																					2		160301		1009	2	2							23	1020014	1																									1603,1413,1523,1465,1467,1006,10090		1100						
1020012	10200	7	1				1	1020003	3											2	1020009																					2		1465		1009	2	2							23	1020014	1																									1603,1413,1523,1465,1467,1006,10090		1100						
1020013	10200	8	1				1	1020003	3											2	1020010																					2		152301		1009	2	2							23	1020014	1																									1603,1413,1523,1465,1467,1006,10090		1100						
1020014	10200	9			1		1	1020003	3											24	1020014			4																															23	1020016	1																									1603,1413,1523,1465,1467,1006,10090		1100						
1020016	10200	10			1		1	1020003	3											24	1020016			1																												1																														1603,1413,1523,1465,1467,1006,10090		1100						
1020005	10200	11		1			1	1020014	3											2	1020003																															1																														1006,10090,1603,1413,1523		1100						
1020006	10200	12					1	1020005	3											17	1004																					1		QuestKnighthood		3						1																														1006,10090,1603,1413,1523		1100			1012001			
1020007	10200	13					1	1020006	3											2	1020004																					2		1006		1004	2	2				1																														1006,10090		1100			1012001			
1020008	10200	14		1			1	1020007	3											4	1020008																					1		Q10200KnighthoodHall		1004	4	2				1																					19	1004	201004002,2							1006,10090		1100			1012001			
1020009	10200	15			1		1	1020008	3											4	1020009																					2		10090		1004	2	2				1																														10090		1100			1012001			
1020010	10200	16					1	1020009	3											2	1020006																					2		10090		1004	3	2		1		1																														10090		1100			1012001			
1020101	10201	1					1	1020010	3											25	71700083																					1		Q1020101Treasure	50	3	4	2				1																					19	3	133003495,2							10090,10091,10093								
1020112	10201	2					1	1020101	3											2	1020101																					2		10090		3	2	2				1																														10090,10091,10093								
1020102	10201	3					1	1020112	3											24	1020102			1																		2		10091		3	4	1																									19	3	133003495,1							10090,10091,10093								
1020103	10201	4		1	1		1	1020112	3											20			13300349901	1										8	1020103							2		10091		3	4	2																19	3	133003499,1	14	1020101					19	3	133003499,2															
1020114	10201	5			1		1	1020103	3											2	1020106													8	1020114							2		10091		3	4	2				1												19	3	133003499,1	14	1020101																						
1020104	10201	6		1	1		1	1020114	3											20			13300349902	1									2	21				8	1020104			2		10091		3	4	2							19	3	133003499,1							19	3	133003499,1	14	1020101					19	3	133003499,3															
1020105	10201	7		1	1		1	1020104	3											20			13300350001	1										8	1020105							2		10091		3	4	2																19	3	133003500,1	14	1020101					19	3	133003500,2															
1020115	10201	8			1		1	1020105	3											2	1020107													8	1020115							2		10091		3	4	2				1												19	3	133003500,1	14	1020101																						
1020106	10201	9		1	1		1	1020115	3											20			13300350002	1									2	21				8	1020106			2		10091		3	4	2							19	3	133003500,1							19	3	133003500,1	14	1020101					19	3	133003500,3															
1020107	10201	10		1	1		1	1020106	3										2	4	1020107				20		133003496	1						8	1020107							2		10091		3	4	2							23	1020102	1							19	3	133003496,1	14	1020101		19	3	133003502,1	19	3	133003496,2	19	3	133003502,2												
1020116	10201	11			1		1	1020106	3											20			133003496	1																		2		10091		3	4	2																																										
1020108	10201	12		1			1	1020107	3											20			133003502	1																		1		Q10201Chaseend	30	3	2	2				1												19	3	133003502,1							15	3	133003502							10090,10091,10093		1100						
1020113	10201	13			1		1	1020108	3											2	1020103																															1																														10090,10091,10093		1100						
1020109	10201	14					1	1020113	3											9	30	129																				1		Q10201Chaseend		3	4	2				1			12	14		19	3	133003502,1													2	3	129	15	3	133003502				10090,10091,10093		1100						
1020110	10201	15					1	1020109	3											20			220031005	1									2	19	30			10	3																									14	1020109		20	14														10090,10091,10093		1100	14					
1020111	10201	16					1	1020110	3											2	1020104												2	19	30			10	3											1		1			17	3	129	20	14					14	1020109		20	14														10090,10091,10093		1100	14					
1020201	10202	1					1	1020111	3											2	1020201																					2		1006		1004	2	2				1																														1006,10090,10092		1100			1012001			
1020202	10202	2			1		1	1020111	3											17	1004																					1		QuestKnighthood		3						1																														1006,10090,10092		1100			1012001			
1020203	10202	3			1		1	1020202	3											2	1020201																															1																														1006,10090,10092		1100			1012001			
1020204	10202	4					1	1020201	3											2	1020204																					1		Q10202Door		1004	2	1		1		1			43	20009	1																									10090,10092		1100			1012001			
1020301	10203	1			1		1	1020201	3										2	2	1020301				10	3																2		1006		1004	2	2				1																														1006,10090,10092		1100			1012001			
1020302	10203	2			1		1	1020204	3										2	2	1020302				10	3																2		10092		1004	3	2		1		1																														1006,10090,10092		1100			1012001			
1030001	10300	1			1		1	99902	3																																																																																	
1030002	10300	1			1		1	99902	3											4	1030002																																																																					
