商品ID	商店类型	对应物品ID	轮替商品ID	对应物品数量	消耗金币	消耗水晶	消耗创世结晶	[消耗物品]1ID	[消耗物品]1数量	[消耗物品]2ID	[消耗物品]2数量	[消耗物品]3ID	[消耗物品]3数量	[消耗物品]4ID	[消耗物品]4数量	限购数量	刷新类型	刷新参数	提前预览天数	上架时间	下架时间	是否终身限购	前置条件	前置条件参数	条件参数1	条件参数2	前置条件屏蔽显示	最小可见等级	最小队伍等级	最大队伍等级	排序等级	二级页签ID	n选1组ID	显示平台
101001	1007	106		1																2019-12-01 00:00:00	2035-01-01 00:00:00							1	1	99	1			
201001	1002	104111		1				305	10							6				2019-12-01 00:00:00	2035-01-01 00:00:00	1						1	1	99	1			
201002	1002	104121		1				305	10							6				2019-12-01 00:00:00	2035-01-01 00:00:00	1						1	1	99	1			
201003	1002	104151		1				305	10							6				2019-12-01 00:00:00	2035-01-01 00:00:00	1						1	1	99	1			
201004	1002	104161		1				305	10							6				2019-12-01 00:00:00	2035-01-01 00:00:00	1						1	1	99	1			
201005	1002	104171		1				305	10							6				2019-12-01 00:00:00	2035-01-01 00:00:00	1						1	1	99	1			
201006	1002	104141		1				305	10							6				2019-12-01 00:00:00	2035-01-01 00:00:00	1						1	1	99	1			
201007	1002	114001		1				305	4							3				2019-12-01 00:00:00	2035-01-01 00:00:00	1						1	1	99	1			
201008	1002	114005		1				305	4							3				2019-12-01 00:00:00	2035-01-01 00:00:00	1						1	1	99	1			
201009	1002	114009		1				305	4							3				2019-12-01 00:00:00	2035-01-01 00:00:00	1						1	1	99	1			
201010	1002	915		1				305	225							1				2019-12-01 00:00:00	2035-01-01 00:00:00	1						1	1	99	1			
201011	1002	101101		1				305	225							1				2019-12-01 00:00:00	2035-01-01 00:00:00	1						1	1	99	1			
201012	1002	202		1600				305	1							60				2019-12-01 00:00:00	2035-01-01 00:00:00	1						1	1	99	1			
201013	1002	202		1600				305	2											2019-12-01 00:00:00	2035-01-01 00:00:00	1	2					1	1	99	1			
202001	1003	11201		1	600											1	3	1		2019-12-01 00:00:00	2035-01-01 00:00:00							1	1	99	1			
202002	1003	12201		1	600											1	3	1		2019-12-01 00:00:00	2035-01-01 00:00:00							1	1	99	1			
202003	1003	13201		1	600											1	3	1		2019-12-01 00:00:00	2035-01-01 00:00:00							1	1	99	1			
202004	1003	14201		1	600											1	3	1		2019-12-01 00:00:00	2035-01-01 00:00:00							1	1	99	1			
202005	1003	15201		1	600											1	3	1		2019-12-01 00:00:00	2035-01-01 00:00:00							1	1	99	1			
203001	1004	100075		1	60											100	3	1		2019-12-01 00:00:00	2035-01-01 00:00:00							1	1	99	1			
203002	1004	100077		1	80											100	3	1		2019-12-01 00:00:00	2035-01-01 00:00:00							1	1	99	1			
203003	1004	100076		1	80											100	3	1		2019-12-01 00:00:00	2035-01-01 00:00:00							1	1	99	1			
203004	1004	100078		1	100											100	3	1		2019-12-01 00:00:00	2035-01-01 00:00:00							1	1	99	1			
203005	1004	100079		1	120											100	3	1		2019-12-01 00:00:00	2035-01-01 00:00:00							1	1	99	1			
203006	1004	100018		1	120											100	3	1		2019-12-01 00:00:00	2035-01-01 00:00:00							1	1	99	1			
203007	1004	100080		1	120											100	3	1		2019-12-01 00:00:00	2035-01-01 00:00:00							1	1	99	1			
203008	1004	100017		1	100											100	3	1		2019-12-01 00:00:00	2035-01-01 00:00:00							1	1	99	1			
204001	1005	108005		1	200											5	3	1		2019-12-01 00:00:00	2035-01-01 00:00:00							1	1	99	10			
204002	1005	108002		1	1025											5	3	1		2019-12-01 00:00:00	2035-01-01 00:00:00							1	1	99	9			
204003	1005	108012		1	450											5	3	1		2019-12-01 00:00:00	2035-01-01 00:00:00							1	1	99	10			
204004	1005	110001		1	150											10	2	1		2019-12-01 00:00:00	2035-01-01 00:00:00							1	1	99	7			
204005	1005	110002		1	150											10	2	1		2019-12-01 00:00:00	2035-01-01 00:00:00							1	1	99	7			
204006	1005	110003		1	900											10	2	1		2019-12-01 00:00:00	2035-01-01 00:00:00							1	1	99	7			
204007	1005	110004		1	270											10	2	1		2019-12-01 00:00:00	2035-01-01 00:00:00							1	1	99	7			
204008	1005	110005		1	630											10	2	1		2019-12-01 00:00:00	2035-01-01 00:00:00							1	1	99	7			
204009	1005	110006		1	450											10	2	1		2019-12-01 00:00:00	2035-01-01 00:00:00							1	1	99	7			
204010	1005	100074		1	1125											10	2	1		2019-12-01 00:00:00	2035-01-01 00:00:00							1	1	99	7			
204011	1005	110008		1	1475											10	2	1		2019-12-01 00:00:00	2035-01-01 00:00:00							1	1	99	7			
204012	1005	110009		1	420											10	2	1		2019-12-01 00:00:00	2035-01-01 00:00:00							1	1	99	7			
204013	1005	110010		1	720											10	2	1		2019-12-01 00:00:00	2035-01-01 00:00:00							1	1	99	7			
204014	1005	110011		1	840											10	2	1		2019-12-01 00:00:00	2035-01-01 00:00:00							1	1	99	7			
204015	1005	109401		1	2500											1				2019-12-01 00:00:00	2035-01-01 00:00:00							1	15	99	5			
204016	1005	109103		1	2500											1				2019-12-01 00:00:00	2035-01-01 00:00:00							1	20	99	5			
204017	1005	109203		1	2500											1				2019-12-01 00:00:00	2035-01-01 00:00:00							1	25	99	5			
204018	1005	109106		1	5000											1				2019-12-01 00:00:00	2035-01-01 00:00:00							1	30	99	4			
204019	1005	109107		1	5000											1				2019-12-01 00:00:00	2035-01-01 00:00:00							1	35	99	4			
204020	1005	109304		1	5000											1				2019-12-01 00:00:00	2035-01-01 00:00:00							1	40	99	4			
204021	1005	109445		1	1250											1				2019-12-01 00:00:00	2035-01-01 00:00:00							1	15	99	6			
204022	1005	109444		1	5000											1				2019-12-01 00:00:00	2035-01-01 00:00:00							1	30	99	4			
205001	1011	100012		1	200											10	3	3		2019-12-01 00:00:00	2035-01-01 00:00:00							1	1	99	1			
205002	1011	100024		1	1000											5	3	3		2019-12-01 00:00:00	2035-01-01 00:00:00							1	1	99	1			
205003	1011	100023		1	1000											5	3	3		2019-12-01 00:00:00	2035-01-01 00:00:00							1	1	99	1			
205004	1011	100055		1	1000											5	3	3		2019-12-01 00:00:00	2035-01-01 00:00:00							1	1	99	1			
205005	1011	100056		1	1000											5	3	3		2019-12-01 00:00:00	2035-01-01 00:00:00							1	1	99	1			
206001	1012	108149		1	1500											2	3	1		2019-12-01 00:00:00	2035-01-01 00:00:00							1	1	99	10			
206002	1012	108150		1	1500											2	3	1		2019-12-01 00:00:00	2035-01-01 00:00:00							1	1	99	10			
206003	1012	108151		1	1500											2	3	1		2019-12-01 00:00:00	2035-01-01 00:00:00							1	1	99	10			
206004	1012	108469		1	1500											2	3	1		2019-12-01 00:00:00	2035-01-01 00:00:00							1	1	99	10			
206005	1012	109516		1	5000											1				2019-12-01 00:00:00	2035-01-01 00:00:00							1	1	99	13			
207001	1013	60211		1	2000											1	2	4		2019-12-01 00:00:00	2035-01-01 00:00:00							1	1	99	1			
207002	1013	60221		1	2000											1	2	4		2019-12-01 00:00:00	2035-01-01 00:00:00							1	1	99	1			
207003	1013	60231		1	2000											1	2	4		2019-12-01 00:00:00	2035-01-01 00:00:00							1	1	99	1			
207004	1013	60241		1	2000											1	2	4		2019-12-01 00:00:00	2035-01-01 00:00:00							1	1	99	1			
207005	1013	60251		1	2000											1	2	4		2019-12-01 00:00:00	2035-01-01 00:00:00							1	1	99	1			
208001	1014	11101		1	300											1	3	1		2019-12-01 00:00:00	2035-01-01 00:00:00							1	1	99	1			
208002	1014	12101		1	300											1	3	1		2019-12-01 00:00:00	2035-01-01 00:00:00							1	1	99	1			
208003	1014	13101		1	300											1	3	1		2019-12-01 00:00:00	2035-01-01 00:00:00							1	1	99	1			
208004	1014	14101		1	300											1	3	1		2019-12-01 00:00:00	2035-01-01 00:00:00							1	1	99	1			
208005	1014	15101		1	300											1	3	1		2019-12-01 00:00:00	2035-01-01 00:00:00							1	1	99	1			
209001	1015	108008		1	530											10	3	1		2019-12-01 00:00:00	2035-01-01 00:00:00							1	1	99	1			
209002	1015	108012		1	450											10	3	1		2019-12-01 00:00:00	2035-01-01 00:00:00							1	1	99	1			
209003	1015	108035		1	1850											2	3	1		2019-12-01 00:00:00	2035-01-01 00:00:00							1	1	99	1			
210001	1016	108147		1	300											1	3	1		2019-12-01 00:00:00	2035-01-01 00:00:00							1	1	99	1			
211001	1017	100061		1	240											10	3	1		2019-12-01 00:00:00	2035-01-01 00:00:00							1	1	99	1			
211002	1017	100064		1	240											10	3	1		2019-12-01 00:00:00	2035-01-01 00:00:00							1	1	99	1			
211003	1017	100062		1	200											5	3	1		2019-12-01 00:00:00	2035-01-01 00:00:00							1	1	99	1			
212001	1018	100015		1	280											10	3	3		2019-12-01 00:00:00	2035-01-01 00:00:00							1	1	99	1			
212002	1018	100016		1	150											10	3	3		2019-12-01 00:00:00	2035-01-01 00:00:00							1	1	99	1			
212003	1018	100021		1	1000											5	3	3		2019-12-01 00:00:00	2035-01-01 00:00:00							1	1	99	1			
212004	1018	100022		1	1000											5	3	3		2019-12-01 00:00:00	2035-01-01 00:00:00							1	1	99	1			
212005	1018	100025		1	1000											5	3	3		2019-12-01 00:00:00	2035-01-01 00:00:00							1	1	99	1			
215001	1064	221036		1				131000	3							1				2019-12-01 00:00:00	2035-01-01 00:00:00							1	1	99	1			
215002	1064	221037		1				131000	3							1				2019-12-01 00:00:00	2035-01-01 00:00:00							1	1	99	1			
215003	1064	221038		1				131000	3							1				2019-12-01 00:00:00	2035-01-01 00:00:00							1	1	99	1			
215004	1064	200901		1				131000	20	131003	20	131008	20	131015	20	1				2019-12-01 00:00:00	2035-01-01 00:00:00							1	1	99	1			
215005	1064	220065		1				131000	3							1				2019-12-01 00:00:00	2035-01-01 00:00:00							1	1	99	1			
216001	1068	220024		1	150000											1				2019-12-01 00:00:00	2035-01-01 00:00:00							1	1	99	1			
216002	1068	220025		1	150000											1				2019-12-01 00:00:00	2035-01-01 00:00:00							1	1	99	1			
216003	1068	220027		1	150000											1				2019-12-01 00:00:00	2035-01-01 00:00:00							1	1	99	1			
1051001	1051	393113		1	25000											1				2019-12-01 00:00:00	2035-01-01 00:00:00							1	1	99	10			
1051002	1051	390503		1	50000											1				2019-12-01 00:00:00	2035-01-01 00:00:00							1	1	99	9			
1051003	1051	390504		1	50000											1				2019-12-01 00:00:00	2035-01-01 00:00:00							1	1	99	9			
1051004	1051	350001		1	50000											1				2019-12-01 00:00:00	2035-01-01 00:00:00							1	1	99	9			
301001	1009	104111		1				307	10							12				2019-12-01 00:00:00	2035-01-01 00:00:00	1						1	1	99	1			
301002	1009	104121		1				307	10							12				2019-12-01 00:00:00	2035-01-01 00:00:00	1						1	1	99	1			
301003	1009	104151		1				307	10							12				2019-12-01 00:00:00	2035-01-01 00:00:00	1						1	1	99	1			
301004	1009	104161		1				307	10							12				2019-12-01 00:00:00	2035-01-01 00:00:00	1						1	1	99	1			
301005	1009	104171		1				307	10							12				2019-12-01 00:00:00	2035-01-01 00:00:00	1						1	1	99	1			
301006	1009	104141		1				307	10							12				2019-12-01 00:00:00	2035-01-01 00:00:00	1						1	1	99	1			
301007	1009	114013		1				307	4							3				2019-12-01 00:00:00	2035-01-01 00:00:00	1						1	1	99	1			
301008	1009	114017		1				307	4							3				2019-12-01 00:00:00	2035-01-01 00:00:00	1						1	1	99	1			
301009	1009	114021		1				307	4							3				2019-12-01 00:00:00	2035-01-01 00:00:00	1						1	1	99	1			
301010	1009	917		1				307	225							4				2019-12-01 00:00:00	2035-01-01 00:00:00	1						1	1	99	1			
301011	1009	101102		1				307	225							1				2019-12-01 00:00:00	2035-01-01 00:00:00	1						1	1	99	1			
301012	1009	101103		1				307	225							1				2019-12-01 00:00:00	2035-01-01 00:00:00	1						1	1	99	1			
301013	1009	101104		1				307	225							1				2019-12-01 00:00:00	2035-01-01 00:00:00	1						1	1	99	1			
301014	1009	101105		1				307	225							1				2019-12-01 00:00:00	2035-01-01 00:00:00	1						1	1	99	1			
301015	1009	202		1600				307	1							120				2019-12-01 00:00:00	2035-01-01 00:00:00	1						1	1	99	1			
301016	1009	202		1600				307	2											2019-12-01 00:00:00	2035-01-01 00:00:00	1	2					1	1	99	1			
302001	1008	100075		1	60											100	3	1		2019-12-01 00:00:00	2035-01-01 00:00:00							1	1	99	1			
302002	1008	100077		1	80											100	3	1		2019-12-01 00:00:00	2035-01-01 00:00:00							1	1	99	1			
302003	1008	100076		1	80											100	3	1		2019-12-01 00:00:00	2035-01-01 00:00:00							1	1	99	1			
302004	1008	100078		1	100											100	3	1		2019-12-01 00:00:00	2035-01-01 00:00:00							1	1	99	1			
302005	1008	100079		1	120											100	3	1		2019-12-01 00:00:00	2035-01-01 00:00:00							1	1	99	1			
302006	1008	100018		1	120											100	3	1		2019-12-01 00:00:00	2035-01-01 00:00:00							1	1	99	1			
302007	1008	100080		1	120											100	3	1		2019-12-01 00:00:00	2035-01-01 00:00:00							1	1	99	1			
302008	1008	100017		1	100											100	3	1		2019-12-01 00:00:00	2035-01-01 00:00:00							1	1	99	1			
302009	1008	100092		1	100											100	3	1		2019-12-01 00:00:00	2035-01-01 00:00:00							1	1	99	1			
302010	1008	100093		1	120											100	3	1		2019-12-01 00:00:00	2035-01-01 00:00:00							1	1	99	1			
302011	1008	100088		1	100											100	3	1		2019-12-01 00:00:00	2035-01-01 00:00:00							1	1	99	1			
302012	1008	100089		1	120											100	3	1		2019-12-01 00:00:00	2035-01-01 00:00:00							1	1	99	1			
303001	1010	108005		1	200											5	3	1		2019-12-01 00:00:00	2035-01-01 00:00:00							1	1	99	10			
303002	1010	108002		1	1025											5	3	1		2019-12-01 00:00:00	2035-01-01 00:00:00							1	1	99	10			
303003	1010	108012		1	450											5	3	1		2019-12-01 00:00:00	2035-01-01 00:00:00							1	1	99	10			
303004	1010	110001		1	150											10	2	1		2019-12-01 00:00:00	2035-01-01 00:00:00							1	1	99	9			
303005	1010	110006		1	450											10	2	1		2019-12-01 00:00:00	2035-01-01 00:00:00							1	1	99	9			
303006	1010	110011		1	840											10	2	1		2019-12-01 00:00:00	2035-01-01 00:00:00							1	1	99	9			
303007	1010	109417		1	1250											1				2019-12-01 00:00:00	2035-01-01 00:00:00							1	10	99	6			
303008	1010	109409		1	2500											1				2019-12-01 00:00:00	2035-01-01 00:00:00							1	15	99	5			
303009	1010	109416		1	2500											1				2019-12-01 00:00:00	2035-01-01 00:00:00							1	20	99	5			
303010	1010	109413		1	5000											1				2019-12-01 00:00:00	2035-01-01 00:00:00							1	30	99	4			
303011	1010	109414		1	5000											1				2019-12-01 00:00:00	2035-01-01 00:00:00							1	35	99	4			
303012	1010	109423		1	5000											1				2019-12-01 00:00:00	2035-01-01 00:00:00							1	40	99	4			
303013	1010	109426		1	5000											1				2019-12-01 00:00:00	2035-01-01 00:00:00							1	25	99	4			
303014	1010	109442		1	5000											1				2019-12-01 00:00:00	2035-01-01 00:00:00							1	30	99	4			
303015	1010	100084		1	240											10	3	1		2019-12-01 00:00:00	2035-01-01 00:00:00							1	1	99	8			
303016	1010	100073		1	240											10	3	1		2019-12-01 00:00:00	2035-01-01 00:00:00							1	1	99	8			
303017	1010	110005		1	630											10	2	1		2019-12-01 00:00:00	2035-01-01 00:00:00							1	1	99	9			
303018	1010	100091		1	240											10	3	3		2019-12-01 00:00:00	2035-01-01 00:00:00							1	1	99	8			
303019	1010	100026		1	300											10	3	3		2019-12-01 00:00:00	2035-01-01 00:00:00							1	1	99	8			
303020	1010	100063		1	300											10	3	3		2019-12-01 00:00:00	2035-01-01 00:00:00							1	1	99	8			
303021	1010	100011		1	180											10	3	3		2019-12-01 00:00:00	2035-01-01 00:00:00							1	1	99	8			
303022	1010	100013		1	260											10	3	3		2019-12-01 00:00:00	2035-01-01 00:00:00							1	1	99	8			
303023	1010	100014		1	350											10	3	3		2019-12-01 00:00:00	2035-01-01 00:00:00							1	1	99	8			
303024	1010	100027		1	1000											5	3	3		2019-12-01 00:00:00	2035-01-01 00:00:00							1	1	99	7			
303025	1010	109446		1	2500											1				2019-12-01 00:00:00	2035-01-01 00:00:00							1	1	99	5			
303026	1010	109447		1	5000											1				2019-12-01 00:00:00	2035-01-01 00:00:00							1	1	99	4			
303027	1010	109432		1	2500											1				2019-12-01 00:00:00	2035-01-01 00:00:00							1	1	99	5			
303028	1010	109439		1	1250											1				2019-12-01 00:00:00	2035-01-01 00:00:00							1	10	99	6			
303029	1010	109488		1	5000											1				2019-12-01 00:00:00	2035-01-01 00:00:00							1	1	99	4			
304001	1019	109437		1	2500											1				2019-12-01 00:00:00	2035-01-01 00:00:00							1	1	99	10			
304002	1019	108192		1	1925											2	3	1		2019-12-01 00:00:00	2035-01-01 00:00:00							1	1	99	5			
304003	1019	108142		1	2150											2	3	1		2019-12-01 00:00:00	2035-01-01 00:00:00							1	1	99	5			
304004	1019	108159		1	12000											2	3	3		2019-12-01 00:00:00	2035-01-01 00:00:00							1	1	99	3			
304005	1019	109434		1	5000											1				2019-12-01 00:00:00	2035-01-01 00:00:00							1	1	99	9			
304006	1019	108183		1	7275											2	3	1		2019-12-01 00:00:00	2035-01-01 00:00:00							1	1	99	4			
305001	1020	109433		1	5000											1				2019-12-01 00:00:00	2035-01-01 00:00:00							1	1	99	9			
305002	1020	108126		1	5700											2	3	1		2019-12-01 00:00:00	2035-01-01 00:00:00							1	1	99	4			
305003	1020	108180		1	5775											2	3	1		2019-12-01 00:00:00	2035-01-01 00:00:00							1	1	99	4			
305004	1020	108102		1	12200											2	3	3		2019-12-01 00:00:00	2035-01-01 00:00:00							1	1	99	3			
305005	1020	109435		1	2500											1				2019-12-01 00:00:00	2035-01-01 00:00:00							1	1	99	10			
305006	1020	108186		1	1375											2	3	1		2019-12-01 00:00:00	2035-01-01 00:00:00							1	1	99	5			
306001	1021	109419		1	2500											1				2019-12-01 00:00:00	2035-01-01 00:00:00							1	1	99	1			
306002	1021	100031		1	600											10	3	3		2019-12-01 00:00:00	2035-01-01 00:00:00							1	1	99	1			
306003	1021	100032		1	240											10	3	3		2019-12-01 00:00:00	2035-01-01 00:00:00							1	1	99	1			
306004	1021	100026		1	300											10	3	3		2019-12-01 00:00:00	2035-01-01 00:00:00							1	1	99	1			
306005	1021	100052		1	1000											5	3	3		2019-12-01 00:00:00	2035-01-01 00:00:00							1	1	99	1			
306006	1021	100053		1	1000											5	3	3		2019-12-01 00:00:00	2035-01-01 00:00:00							1	1	99	1			
306007	1021	100034		1	1000											5	3	3		2019-12-01 00:00:00	2035-01-01 00:00:00							1	1	99	1			
307001	1022	100084		1	300											10	3	1		2019-12-01 00:00:00	2035-01-01 00:00:00							1	1	99	1			
307002	1022	100084		3	1000											5	3	1		2019-12-01 00:00:00	2035-01-01 00:00:00							1	1	99	1			
308001	1023	100084		1	240											10	3	1		2019-12-01 00:00:00	2035-01-01 00:00:00							1	1	99	1			
308002	1023	100073		1	240											10	3	1		2019-12-01 00:00:00	2035-01-01 00:00:00							1	1	99	1			
308003	1023	100093		1	150											50	3	1		2019-12-01 00:00:00	2035-01-01 00:00:00							1	1	99	1			
309001	1024	100001		1	200											1	3	1		2019-12-01 00:00:00	2035-01-01 00:00:00							1	1	99	1			
310001	1025	61211		1	2000											1	2	4		2019-12-01 00:00:00	2035-01-01 00:00:00							1	1	99	1			
310002	1025	61221		1	2000											1	2	4		2019-12-01 00:00:00	2035-01-01 00:00:00							1	1	99	1			
310003	1025	61231		1	2000											1	2	4		2019-12-01 00:00:00	2035-01-01 00:00:00							1	1	99	1			
310004	1025	61241		1	2000											1	2	4		2019-12-01 00:00:00	2035-01-01 00:00:00							1	1	99	1			
310005	1025	61251		1	2000											1	2	4		2019-12-01 00:00:00	2035-01-01 00:00:00							1	1	99	1			
311001	1026	108109		1	380											10	3	1		2019-12-01 00:00:00	2035-01-01 00:00:00							1	1	99	1			
311002	1026	108099		1	900											10	3	1		2019-12-01 00:00:00	2035-01-01 00:00:00							1	1	99	1			
312001	1027	108073		1	6600											2	3	1		2019-12-01 00:00:00	2035-01-01 00:00:00							1	1	99	1			
312002	1027	108093		1	430											10	3	1		2019-12-01 00:00:00	2035-01-01 00:00:00							1	1	99	1			
313001	1028	101001		1	120											10	3	3		2019-12-01 00:00:00	2035-01-01 00:00:00							1	1	99	1			
313002	1028	101002		1	400											10	3	3		2019-12-01 00:00:00	2035-01-01 00:00:00							1	1	99	1			
313003	1028	100028		1	1000											5	3	3		2019-12-01 00:00:00	2035-01-01 00:00:00							1	1	99	1			
314001	1029	100574		1	1500											1				2019-12-01 00:00:00	2035-01-01 00:00:00							1	1	99	10			
314002	1029	100575		1	1500											1				2019-12-01 00:00:00	2035-01-01 00:00:00							1	1	99	10			
314003	1029	100589		1	1500											1				2019-12-01 00:00:00	2035-01-01 00:00:00							1	1	99	10			
314004	1029	100567		1	1500											1				2019-12-01 00:00:00	2035-01-01 00:00:00							1	1	99	10			
314005	1029	100400		1	1500											1				2019-12-01 00:00:00	2035-01-01 00:00:00							1	1	99	10			
314006	1029	100593		1	3000											1				2019-12-01 00:00:00	2035-01-01 00:00:00							1	1	99	1			
314007	1029	100432		1	3000											1				2019-12-01 00:00:00	2035-01-01 00:00:00							1	1	99	1			
314008	1029	100435		1	3000											1				2019-12-01 00:00:00	2035-01-01 00:00:00							1	1	99	1			
314009	1029	100436		1	3000											1				2019-12-01 00:00:00	2035-01-01 00:00:00							1	1	99	1			
314010	1029	100439		1	3000											1				2019-12-01 00:00:00	2035-01-01 00:00:00							1	1	99	1			
314011	1029	100638		1	1500											1				2019-12-01 00:00:00	2035-01-01 00:00:00							1	1	99	10			
314012	1029	100640		1	1500											1				2019-12-01 00:00:00	2035-01-01 00:00:00							1	1	99	10			
314013	1029	100643		1	1500											1				2019-12-01 00:00:00	2035-01-01 00:00:00							1	1	99	10			
314014	1029	100644		1	1500											1				2019-12-01 00:00:00	2035-01-01 00:00:00							1	1	99	10			
314015	1029	100730		1	1500											1				2019-12-01 00:00:00	2035-01-01 00:00:00							1	1	99	10			
314016	1029	100731		1	1500											1				2019-12-01 00:00:00	2035-01-01 00:00:00							1	1	99	10			
315001	1030	108148		1	1000											10	3	1		2019-12-01 00:00:00	2035-01-01 00:00:00							1	1	99	1			
315002	1030	108093		1	430											10	3	1		2019-12-01 00:00:00	2035-01-01 00:00:00							1	1	99	1			
315003	1030	108099		1	900											10	3	1		2019-12-01 00:00:00	2035-01-01 00:00:00							1	1	99	1			
316001	1031	109424		1	2500											1				2019-12-01 00:00:00	2035-01-01 00:00:00							1	1	99	10			
316002	1031	109422		1	5000											1				2019-12-01 00:00:00	2035-01-01 00:00:00							1	1	99	9			
316003	1031	100088		1	120											10	3	3		2019-12-01 00:00:00	2035-01-01 00:00:00							1	1	99	1			
316004	1031	100089		1	150											10	3	3		2019-12-01 00:00:00	2035-01-01 00:00:00							1	1	99	1			
316005	1031	100029		1	1000											5	3	3		2019-12-01 00:00:00	2035-01-01 00:00:00							1	1	99	1			
316006	1031	100030		1	50000											3	1	1		2019-12-01 00:00:00	2035-01-01 00:00:00							1	1	99	1			
316007	1031	109443		1	5000											1				2019-12-01 00:00:00	2035-01-01 00:00:00							1	1	99	9			
316008	1031	108129		1	6150											2	3	1		2019-12-01 00:00:00	2035-01-01 00:00:00							1	1	99	8			
317001	1032	108148		1	1000											10	3	1		2019-12-01 00:00:00	2035-01-01 00:00:00							1	1	99	1			
318001	1033	63211		1	2000											1	2	4		2019-12-01 00:00:00	2035-01-01 00:00:00							1	1	99	1			
318002	1033	63221		1	2000											1	2	4		2019-12-01 00:00:00	2035-01-01 00:00:00							1	1	99	1			
318003	1033	63231		1	2000											1	2	4		2019-12-01 00:00:00	2035-01-01 00:00:00							1	1	99	1			
318004	1033	63241		1	2000											1	2	4		2019-12-01 00:00:00	2035-01-01 00:00:00							1	1	99	1			
318005	1033	63251		1	2000											1	2	4		2019-12-01 00:00:00	2035-01-01 00:00:00							1	1	99	1			
319001	1034	108081		1	1550											2	3	1		2019-12-01 00:00:00	2035-01-01 00:00:00							1	1	99	10			
319002	1034	108090		1	1775											2	3	1		2019-12-01 00:00:00	2035-01-01 00:00:00							1	1	99	10			
319003	1034	108012		1	450											10	3	1		2019-12-01 00:00:00	2035-01-01 00:00:00							1	1	99	9			
319004	1034	109425		1	5000											1				2019-12-01 00:00:00	2035-01-01 00:00:00							1	1	99	7			
319005	1034	100063		1	300											10	3	3		2019-12-01 00:00:00	2035-01-01 00:00:00							1	1	99	1			
319006	1034	110004		1	270											10	2	1		2019-12-01 00:00:00	2035-01-01 00:00:00							1	1	99	1			
319007	1034	110011		1	840											10	2	1		2019-12-01 00:00:00	2035-01-01 00:00:00							1	1	99	1			
319008	1034	100029		1	1000											5	3	3		2019-12-01 00:00:00	2035-01-01 00:00:00							1	1	99	1			
319009	1034	100034		1	1000											5	3	3		2019-12-01 00:00:00	2035-01-01 00:00:00							1	1	99	1			
319010	1034	108084		1	1925											2	3	1		2019-12-01 00:00:00	2035-01-01 00:00:00							1	1	99	10			
319011	1034	108142		1	2150											2	3	1		2019-12-01 00:00:00	2035-01-01 00:00:00							1	1	99	10			
319012	1034	109436		1	2500											1				2019-12-01 00:00:00	2035-01-01 00:00:00							1	1	99	8			
319013	1034	109438		1	5000											1				2019-12-01 00:00:00	2035-01-01 00:00:00							1	1	99	7			
320001	1035	108148		1	1000											10	3	1		2019-12-01 00:00:00	2035-01-01 00:00:00							1	1	99	1			
321001	1036	202		1				100496	1							50000				2019-12-01 00:00:00	2035-01-01 00:00:00							1	1	99	1			
322001	1038	202		1				100555	1							35000				2019-12-01 00:00:00	2035-01-01 00:00:00							1	1	99	1			
323001	1039	108020		1	530											10	3	1		2019-12-01 00:00:00	2035-01-01 00:00:00							1	1	99	1			
323002	1039	108008		1	790											10	3	1		2019-12-01 00:00:00	2035-01-01 00:00:00							1	1	99	1			
323003	1039	108087		1	1775											2	3	1		2019-12-01 00:00:00	2035-01-01 00:00:00							1	1	99	1			
324001	1065	393601		1				131000	10							1				2019-12-01 00:00:00	2035-01-01 00:00:00							1	1	99	1			
324002	1065	200902		1				131000	20	131002	20	131007	20	131013	20	1				2019-12-01 00:00:00	2035-01-01 00:00:00							1	1	99	1			
324003	1065	220065		1				131000	3							1				2019-12-01 00:00:00	2035-01-01 00:00:00							1	1	99	1			
401001	1053	100084		1	240											10	3	1		2019-12-01 00:00:00	2035-01-01 00:00:00							1	1	99	1			
401002	1053	100073		1	240											10	3	1		2019-12-01 00:00:00	2035-01-01 00:00:00							1	1	99	1			
401003	1053	100093		1	150											50	3	1		2019-12-01 00:00:00	2035-01-01 00:00:00							1	1	99	1			
401004	1053	101206		1	1000											5	3	3		2019-12-01 00:00:00	2035-01-01 00:00:00							1	1	99	1			
402001	1054	101001		1	120											10	3	3		2019-12-01 00:00:00	2035-01-01 00:00:00							1	1	99	1			
402002	1054	101002		1	400											10	3	3		2019-12-01 00:00:00	2035-01-01 00:00:00							1	1	99	1			
402003	1054	100054		1	1000											5	3	3		2019-12-01 00:00:00	2035-01-01 00:00:00							1	1	99	1			
403001	1055	109458		1	1250											1				2019-12-01 00:00:00	2035-01-01 00:00:00							1	1	99	3			
403002	1055	108269		1	350											10	3	1		2019-12-01 00:00:00	2035-01-01 00:00:00							1	1	99	1			
403003	1055	108265		1	700											10	3	1		2019-12-01 00:00:00	2035-01-01 00:00:00							1	1	99	1			
403004	1055	109491		1	2500											1				2019-12-01 00:00:00	2035-01-01 00:00:00							1	1	99	2			
404001	1056	100075		1	60											100	3	1		2019-12-01 00:00:00	2035-01-01 00:00:00							1	1	99	1			
404002	1056	100077		1	80											100	3	1		2019-12-01 00:00:00	2035-01-01 00:00:00							1	1	99	1			
404003	1056	100076		1	80											100	3	1		2019-12-01 00:00:00	2035-01-01 00:00:00							1	1	99	1			
404004	1056	100078		1	100											100	3	1		2019-12-01 00:00:00	2035-01-01 00:00:00							1	1	99	1			
404005	1056	100079		1	120											100	3	1		2019-12-01 00:00:00	2035-01-01 00:00:00							1	1	99	1			
404006	1056	100018		1	120											100	3	1		2019-12-01 00:00:00	2035-01-01 00:00:00							1	1	99	1			
404007	1056	100080		1	120											100	3	1		2019-12-01 00:00:00	2035-01-01 00:00:00							1	1	99	1			
404008	1056	100017		1	100											100	3	1		2019-12-01 00:00:00	2035-01-01 00:00:00							1	1	99	1			
404009	1056	100092		1	100											100	3	1		2019-12-01 00:00:00	2035-01-01 00:00:00							1	1	99	1			
404010	1056	100093		1	120											100	3	1		2019-12-01 00:00:00	2035-01-01 00:00:00							1	1	99	1			
404011	1056	100088		1	100											100	3	1		2019-12-01 00:00:00	2035-01-01 00:00:00							1	1	99	1			
404012	1056	101205		1	1000											5	3	3		2019-12-01 00:00:00	2035-01-01 00:00:00							1	1	99	1			
405001	1057	114025		3				304	2							4				2019-12-01 00:00:00	2035-01-01 00:00:00	1						1	1	99	1			
405002	1057	114029		3				304	2							4				2019-12-01 00:00:00	2035-01-01 00:00:00	1						1	1	99	1			
405003	1057	114033		3				304	2							4				2019-12-01 00:00:00	2035-01-01 00:00:00	1						1	1	99	1			
405004	1057	202		10000				304	2							20				2019-12-01 00:00:00	2035-01-01 00:00:00	1						1	1	99	1			
405005	1057	390507		1				304	5							1				2019-12-01 00:00:00	2035-01-01 00:00:00	1						1	1	99	10			
405006	1057	391112		1				304	10							1				2019-12-01 00:00:00	2035-01-01 00:00:00	1						1	1	99	9			
405007	1057	393128		1				304	5							1				2019-12-01 00:00:00	2035-01-01 00:00:00	1						1	1	99	10			
405008	1057	393319		1				304	5							1				2019-12-01 00:00:00	2035-01-01 00:00:00	1						1	1	99	10			
405009	1057	393320		1				304	5							1				2019-12-01 00:00:00	2035-01-01 00:00:00	1						1	1	99	10			
405010	1057	393323		1				304	10							1				2019-12-01 00:00:00	2035-01-01 00:00:00	1						1	1	99	9			
405011	1057	393324		1				304	10							1				2019-12-01 00:00:00	2035-01-01 00:00:00	1						1	1	99	9			
405012	1057	393327		1				304	10							1				2019-12-01 00:00:00	2035-01-01 00:00:00	1						1	1	99	9			
405013	1057	393330		1				304	20							1				2019-12-01 00:00:00	2035-01-01 00:00:00	1						1	1	99	8			
405014	1057	393331		1				304	10							1				2019-12-01 00:00:00	2035-01-01 00:00:00	1						1	1	99	9			
405015	1057	202		3000				304	1											2019-12-01 00:00:00	2035-01-01 00:00:00	1	2					1	1	99	1			
406001	1058	109457		1	1250											1				2019-12-01 00:00:00	2035-01-01 00:00:00							1	1	99	10			
406002	1058	109461		1	1250											1				2019-12-01 00:00:00	2035-01-01 00:00:00							1	1	99	10			
406003	1058	109466		1	2500											1				2019-12-01 00:00:00	2035-01-01 00:00:00							1	1	99	9			
406004	1058	109456		1	5000											1				2019-12-01 00:00:00	2035-01-01 00:00:00							1	1	99	8			
406005	1058	108005		1	200											10	3	1		2019-12-01 00:00:00	2035-01-01 00:00:00							1	1	99	5			
406006	1058	108012		1	450											10	3	1		2019-12-01 00:00:00	2035-01-01 00:00:00							1	1	99	5			
406007	1058	108002		1	1250											2	3	1		2019-12-01 00:00:00	2035-01-01 00:00:00							1	1	99	4			
406008	1058	100084		1	240											10	3	1		2019-12-01 00:00:00	2035-01-01 00:00:00							1	1	99	3			
406009	1058	100073		1	240											10	3	1		2019-12-01 00:00:00	2035-01-01 00:00:00							1	1	99	3			
406010	1058	101210		1	240											10	3	3		2019-12-01 00:00:00	2035-01-01 00:00:00							1	1	99	3			
406011	1058	101211		1	240											10	3	3		2019-12-01 00:00:00	2035-01-01 00:00:00							1	1	99	3			
406012	1058	100014		1	350											10	3	3		2019-12-01 00:00:00	2035-01-01 00:00:00							1	1	99	3			
406013	1058	110011		1	840											10	2	1		2019-12-01 00:00:00	2035-01-01 00:00:00							1	1	99	3			
406014	1058	110010		1	720											10	2	1		2019-12-01 00:00:00	2035-01-01 00:00:00							1	1	99	3			
406015	1058	110001		1	150											10	2	1		2019-12-01 00:00:00	2035-01-01 00:00:00							1	1	99	3			
406016	1058	110006		1	450											10	2	1		2019-12-01 00:00:00	2035-01-01 00:00:00							1	1	99	3			
406017	1058	109474		1	1250											1				2019-12-01 00:00:00	2035-01-01 00:00:00							1	1	99	10			
406018	1058	109475		1	1250											1				2019-12-01 00:00:00	2035-01-01 00:00:00							1	1	99	10			
406019	1058	109476		1	5000											1				2019-12-01 00:00:00	2035-01-01 00:00:00							1	1	99	8			
406020	1058	109479		1	2500											1				2019-12-01 00:00:00	2035-01-01 00:00:00							1	1	99	9			
406021	1058	109484		1	5000											1				2019-12-01 00:00:00	2035-01-01 00:00:00							1	1	99	8			
406022	1058	109485		1	5000											1				2019-12-01 00:00:00	2035-01-01 00:00:00							1	1	99	8			
406023	1058	109486		1	5000											1				2019-12-01 00:00:00	2035-01-01 00:00:00							1	1	99	8			
406024	1058	109489		1	2500											1				2019-12-01 00:00:00	2035-01-01 00:00:00							1	1	99	9			
406025	1058	109490		1	2500											1				2019-12-01 00:00:00	2035-01-01 00:00:00							1	1	99	9			
407001	1059	101529		1	1500											1				2019-12-01 00:00:00	2035-01-01 00:00:00							1	1	99	10			
407002	1059	101530		1	1500											1				2019-12-01 00:00:00	2035-01-01 00:00:00							1	1	99	10			
407003	1059	101531		1	1500											1				2019-12-01 00:00:00	2035-01-01 00:00:00							1	1	99	10			
407004	1059	100784		1	3000											1				2019-12-01 00:00:00	2035-01-01 00:00:00							1	1	99	9			
407005	1059	100785		1	3000											1				2019-12-01 00:00:00	2035-01-01 00:00:00							1	1	99	9			
407006	1059	101523		1	3000											1				2019-12-01 00:00:00	2035-01-01 00:00:00							1	1	99	8			
407007	1059	101524		1	3000											1				2019-12-01 00:00:00	2035-01-01 00:00:00							1	1	99	8			
407008	1059	101525		1	3000											1				2019-12-01 00:00:00	2035-01-01 00:00:00							1	1	99	8			
407009	1059	101527		1	3000											1				2019-12-01 00:00:00	2035-01-01 00:00:00							1	1	99	8			
407010	1059	101532		1	3000											1				2019-12-01 00:00:00	2035-01-01 00:00:00							1	1	99	7			
407011	1059	101533		1	3000											1				2019-12-01 00:00:00	2035-01-01 00:00:00							1	1	99	7			
407012	1059	101534		1	3000											1				2019-12-01 00:00:00	2035-01-01 00:00:00							1	1	99	7			
407013	1059	101535		1	3000											1				2019-12-01 00:00:00	2035-01-01 00:00:00							1	1	99	7			
407014	1059	101548		1	3000											1				2019-12-01 00:00:00	2035-01-01 00:00:00							1	1	99	6			
407015	1059	101549		1	3000											1				2019-12-01 00:00:00	2035-01-01 00:00:00							1	1	99	6			
407016	1059	101550		1	3000											1				2019-12-01 00:00:00	2035-01-01 00:00:00							1	1	99	6			
407017	1059	101551		1	3000											1				2019-12-01 00:00:00	2035-01-01 00:00:00							1	1	99	6			
407018	1059	101553		1	3000											1				2019-12-01 00:00:00	2035-01-01 00:00:00							1	1	99	6			
407019	1059	101554		1	3000											1				2019-12-01 00:00:00	2035-01-01 00:00:00							1	1	99	5			
407020	1059	101588		1	3000											1				2019-12-01 00:00:00	2035-01-01 00:00:00							1	1	99	8			
407021	1059	101599		1	1500											1				2019-12-01 00:00:00	2035-01-01 00:00:00							1	1	99	10			
407022	1059	100929		1	1500											1				2019-12-01 00:00:00	2035-01-01 00:00:00							1	1	99	10			
407023	1059	101558		1	1500											1				2022-04-07 10:00:00	2022-04-25 03:59:59		9		7227827		1	1	1	99	10			
407024	1059	101766		1	3000											1				2022-04-07 10:00:00	2022-04-25 03:59:59		9		4005914		1	1	1	99	7			
407025	1059	101767		1	1500											1				2022-04-07 10:00:00	2022-04-25 03:59:59		9		4005513		1	1	1	99	10			
407026	1059	101768		1	1500											1				2022-04-07 10:00:00	2022-04-25 03:59:59		9		4005513		1	1	1	99	10			
407027	1059	101558		1	1500											1				2022-04-25 04:00:00	2035-01-01 00:00:00							1	1	99	10			
407028	1059	101766		1	3000											1				2022-04-25 04:00:00	2035-01-01 00:00:00							1	1	99	7			
407029	1059	101767		1	1500											1				2022-04-25 04:00:00	2035-01-01 00:00:00							1	1	99	10			
407030	1059	101768		1	1500											1				2022-04-25 04:00:00	2035-01-01 00:00:00							1	1	99	10			
408001	1060	109452		1	2500											1				2019-12-01 00:00:00	2035-01-01 00:00:00							1	1	99	9			
408002	1060	109453		1	5000											1				2019-12-01 00:00:00	2035-01-01 00:00:00							1	1	99	8			
408003	1060	109460		1	5000											1				2019-12-01 00:00:00	2035-01-01 00:00:00							1	1	99	8			
408004	1060	108290		1	7425											2	3	1		2019-12-01 00:00:00	2035-01-01 00:00:00							1	1	99	5			
408005	1060	108042		1	6075											2	3	1		2019-12-01 00:00:00	2035-01-01 00:00:00		9		1200608,7218505		1	1	1	99	5			
408006	1060	108304		1	6075											2	3	1		2019-12-01 00:00:00	2035-01-01 00:00:00		9		1200607,7218405		1	1	1	99	5			
408007	1060	109477		1	5000											1				2019-12-01 00:00:00	2035-01-01 00:00:00							1	1	99	8			
408008	1060	109478		1	5000											1				2019-12-01 00:00:00	2035-01-01 00:00:00							1	1	99	8			
408009	1060	109483		1	1250											1				2019-12-01 00:00:00	2035-01-01 00:00:00							1	1	99	10			
408010	1060	109480		1	2500											1				2019-12-01 00:00:00	2035-01-01 00:00:00							1	1	99	9			
408011	1060	109481		1	2500											1				2019-12-01 00:00:00	2035-01-01 00:00:00							1	1	99	9			
408012	1060	109482		1	2500											1				2019-12-01 00:00:00	2035-01-01 00:00:00							1	1	99	9			
409001	1061	108305		1	1500											2	3	1		2019-12-01 00:00:00	2035-01-01 00:00:00							1	1	99	1			
410001	1062	100057		1	60000											5	3	3		2019-12-01 00:00:00	2035-01-01 00:00:00							1	1	99	1			
410002	1062	108385		1	7125											1	3	1		2022-04-07 10:00:00	2022-04-25 03:59:59		9		4005513		1	1	1	99	1			
411001	1063	11201		1	600											1	3	1		2019-12-01 00:00:00	2035-01-01 00:00:00							1	1	99	1			
411002	1063	12201		1	600											1	3	1		2019-12-01 00:00:00	2035-01-01 00:00:00							1	1	99	1			
411003	1063	13201		1	600											1	3	1		2019-12-01 00:00:00	2035-01-01 00:00:00							1	1	99	1			
411004	1063	14201		1	600											1	3	1		2019-12-01 00:00:00	2035-01-01 00:00:00							1	1	99	1			
411005	1063	15201		1	600											1	3	1		2019-12-01 00:00:00	2035-01-01 00:00:00							1	1	99	1			
412001	1066	200903		1				131000	20	131001	20	131006	20	131014	20	1				2019-12-01 00:00:00	2035-01-01 00:00:00							1	1	99	1			
412002	1066	13415		1				131017	6	131011	20	131012	20			1				2019-12-01 00:00:00	2035-01-01 00:00:00							1	1	99	1			
412003	1066	200107		1				131017	3	131019	10	131020	10			4				2019-12-01 00:00:00	2035-01-01 00:00:00							1	1	99	1			
412004	1066	220065		1				131000	3							1				2019-12-01 00:00:00	2035-01-01 00:00:00							1	1	99	1			
413001	1067	100078		1	60											10	2	1		2019-12-01 00:00:00	2035-01-01 00:00:00							1	1	99	1			
413002	1067	100079		1	80											10	2	1		2019-12-01 00:00:00	2035-01-01 00:00:00							1	1	99	1			
413003	1067	100080		1	80											10	2	1		2019-12-01 00:00:00	2035-01-01 00:00:00							1	1	99	1			
413004	1067	100017		1	60											10	2	1		2019-12-01 00:00:00	2035-01-01 00:00:00							1	1	99	1			
413005	1067	100088		1	60											10	2	1		2019-12-01 00:00:00	2035-01-01 00:00:00							1	1	99	1			
414001	1069	220043		1	10000											5	2	1		2019-12-01 00:00:00	2035-01-01 00:00:00							1	1	99	1			
415001	1070	101207		1	1000											5	3	3		2019-12-01 00:00:00	2035-01-01 00:00:00							1	1	99	1			
415002	1070	100095		1	240											10	3	1		2019-12-01 00:00:00	2035-01-01 00:00:00							1	1	99	1			
415003	1070	61211		1	2000											1	2	4		2019-12-01 00:00:00	2035-01-01 00:00:00							1	1	99	1			
415004	1070	61221		1	2000											1	2	4		2019-12-01 00:00:00	2035-01-01 00:00:00							1	1	99	1			
415005	1070	61231		1	2000											1	2	4		2019-12-01 00:00:00	2035-01-01 00:00:00							1	1	99	1			
415006	1070	61241		1	2000											1	2	4		2019-12-01 00:00:00	2035-01-01 00:00:00							1	1	99	1			
415007	1070	61251		1	2000											1	2	4		2019-12-01 00:00:00	2035-01-01 00:00:00							1	1	99	1			
501001	1071	221039		1				131000	3							1				2019-12-01 00:00:00	2035-01-01 00:00:00							1	1	99	1			
501002	1071	393602		1				131000	10							1				2019-12-01 00:00:00	2035-01-01 00:00:00							1	1	99	1			
501003	1071	200905		1				131000	20	131023	20	131026	20	131025	20	1				2019-12-01 00:00:00	2035-01-01 00:00:00							1	1	99	1			
501004	1071	15418		1				131024	4	131027	16	131028	16			1				2019-12-01 00:00:00	2035-01-01 00:00:00							1	1	99	1			
501005	1071	200111		1				131024	2	131027	8	131028	8			4				2019-12-01 00:00:00	2035-01-01 00:00:00							1	1	99	1			
501006	1071	220065		1				131000	3							1				2019-12-01 00:00:00	2035-01-01 00:00:00							1	1	99	1			
502001	1072	100084		1	240											10	3	1		2019-12-01 00:00:00	2035-01-01 00:00:00							1	1	99	6			
502002	1072	100093		1	120											100	3	1		2019-12-01 00:00:00	2035-01-01 00:00:00							1	1	99	3			
502003	1072	100073		1	240											10	3	1		2019-12-01 00:00:00	2035-01-01 00:00:00							1	1	99	6			
502004	1072	101210		1	240											10	3	3		2019-12-01 00:00:00	2035-01-01 00:00:00							1	1	99	5			
503001	1073	109503		1	1250											1				2019-12-01 00:00:00	2035-01-01 00:00:00							1	1	99	15			
503002	1073	109494		1	2500											1				2019-12-01 00:00:00	2035-01-01 00:00:00							1	1	99	14			
503003	1073	109500		1	1250											1				2019-12-01 00:00:00	2035-01-01 00:00:00							1	1	99	15			
503004	1073	108423		1	530											10	3	1		2019-12-01 00:00:00	2035-01-01 00:00:00							1	1	99	11			
503005	1073	108395		1	2150											2	3	1		2019-12-01 00:00:00	2035-01-01 00:00:00							1	1	99	10			
503006	1073	108005		1	200											10	3	1		2019-12-01 00:00:00	2035-01-01 00:00:00							1	1	99	11			
503007	1073	108002		1	1550											2	3	1		2019-12-01 00:00:00	2035-01-01 00:00:00							1	1	99	10			
503008	1073	108012		1	450											10	3	1		2019-12-01 00:00:00	2035-01-01 00:00:00							1	1	99	11			
503009	1073	101212		1	240											10	3	3		2019-12-01 00:00:00	2035-01-01 00:00:00							1	1	99	5			
503010	1073	100096		1	100											100	3	1		2019-12-01 00:00:00	2035-01-01 00:00:00							1	1	99	3			
503011	1073	110001		1	150											10	2	1		2019-12-01 00:00:00	2035-01-01 00:00:00							1	1	99	7			
503012	1073	100084		1	240											10	3	1		2019-12-01 00:00:00	2035-01-01 00:00:00							1	1	99	6			
503013	1073	100073		1	240											10	3	1		2019-12-01 00:00:00	2035-01-01 00:00:00							1	1	99	6			
503014	1073	110011		1	840											10	2	1		2019-12-01 00:00:00	2035-01-01 00:00:00							1	1	99	7			
503015	1073	110010		1	720											10	2	1		2019-12-01 00:00:00	2035-01-01 00:00:00							1	1	99	7			
503016	1073	110014		1	540											10	2	1		2019-12-01 00:00:00	2035-01-01 00:00:00							1	1	99	7			
503017	1073	110006		1	450											10	2	1		2019-12-01 00:00:00	2035-01-01 00:00:00							1	1	99	7			
503018	1073	109511		1	5000											1				2019-12-01 00:00:00	2035-01-01 00:00:00							1	1	99	13			
503019	1073	108449		1	6825											2	3	1		2019-12-01 00:00:00	2035-01-01 00:00:00							1	1	99	9			
504001	1074	100075		1	60											100	3	1		2019-12-01 00:00:00	2035-01-01 00:00:00							1	1	99	3			
504002	1074	100077		1	80											100	3	1		2019-12-01 00:00:00	2035-01-01 00:00:00							1	1	99	3			
504003	1074	100076		1	80											100	3	1		2019-12-01 00:00:00	2035-01-01 00:00:00							1	1	99	3			
504004	1074	100078		1	100											100	3	1		2019-12-01 00:00:00	2035-01-01 00:00:00							1	1	99	3			
504005	1074	100079		1	120											100	3	1		2019-12-01 00:00:00	2035-01-01 00:00:00							1	1	99	3			
504006	1074	100018		1	120											100	3	1		2019-12-01 00:00:00	2035-01-01 00:00:00							1	1	99	3			
504007	1074	100080		1	120											100	3	1		2019-12-01 00:00:00	2035-01-01 00:00:00							1	1	99	3			
504008	1074	100017		1	100											100	3	1		2019-12-01 00:00:00	2035-01-01 00:00:00							1	1	99	3			
504009	1074	100092		1	100											100	3	1		2019-12-01 00:00:00	2035-01-01 00:00:00							1	1	99	3			
504010	1074	100088		1	100											100	3	1		2019-12-01 00:00:00	2035-01-01 00:00:00							1	1	99	3			
504011	1074	100093		1	120											100	3	1		2019-12-01 00:00:00	2035-01-01 00:00:00							1	1	99	3			
504012	1074	101216		1	240											10	3	3		2019-12-01 00:00:00	2035-01-01 00:00:00							1	1	99	5			
504013	1074	101218		1	240											10	3	3		2019-12-01 00:00:00	2035-01-01 00:00:00							1	1	99	5			
506001	1076	11201		1	600											1	3	1		2019-12-01 00:00:00	2035-01-01 00:00:00							1	1	99	2			
506002	1076	12201		1	600											1	3	1		2019-12-01 00:00:00	2035-01-01 00:00:00							1	1	99	2			
506003	1076	13201		1	600											1	3	1		2019-12-01 00:00:00	2035-01-01 00:00:00							1	1	99	2			
506004	1076	14201		1	600											1	3	1		2019-12-01 00:00:00	2035-01-01 00:00:00							1	1	99	2			
506005	1076	15201		1	600											1	3	1		2019-12-01 00:00:00	2035-01-01 00:00:00							1	1	99	2			
507001	1077	60211		1	2000											1	2	4		2019-12-01 00:00:00	2035-01-01 00:00:00							1	1	99	1			
507002	1077	60221		1	2000											1	2	4		2019-12-01 00:00:00	2035-01-01 00:00:00							1	1	99	1			
507003	1077	60231		1	2000											1	2	4		2019-12-01 00:00:00	2035-01-01 00:00:00							1	1	99	1			
507004	1077	60241		1	2000											1	2	4		2019-12-01 00:00:00	2035-01-01 00:00:00							1	1	99	1			
507005	1077	60251		1	2000											1	2	4		2019-12-01 00:00:00	2035-01-01 00:00:00							1	1	99	1			
508001	1078	110014		1	540											10	2	1		2019-12-01 00:00:00	2035-01-01 00:00:00							1	1	99	7			
508002	1078	101216		1	240											10	3	3		2019-12-01 00:00:00	2035-01-01 00:00:00							1	1	99	5			
508003	1078	101214		1	1000											5	3	3		2019-12-01 00:00:00	2035-01-01 00:00:00							1	1	99	4			
508004	1078	108416		1	12500											2	3	3		2019-12-01 00:00:00	2035-01-01 00:00:00							1	1	99	8			
508005	1078	108419		1	6600											2	3	1		2019-12-01 00:00:00	2035-01-01 00:00:00							1	1	99	9			
509001	1079	100084		1	240											10	3	1		2019-12-01 00:00:00	2035-01-01 00:00:00							1	1	99	6			
509002	1079	100093		1	120											100	3	1		2019-12-01 00:00:00	2035-01-01 00:00:00							1	1	99	3			
509003	1079	100073		1	240											10	3	1		2019-12-01 00:00:00	2035-01-01 00:00:00							1	1	99	6			
510001	1080	109499		1	2500											1				2019-12-01 00:00:00	2035-01-01 00:00:00							1	1	99	14			
510002	1080	109504		1	2500											1				2019-12-01 00:00:00	2035-01-01 00:00:00							1	1	99	14			
510003	1080	108401		1	2025											2	3	1		2019-12-01 00:00:00	2035-01-01 00:00:00							1	1	99	10			
510004	1080	108410		1	1725											2	3	1		2019-12-01 00:00:00	2035-01-01 00:00:00							1	1	99	10			
510005	1080	108431		1	7125											2	3	1		2019-12-01 00:00:00	2035-01-01 00:00:00							1	1	99	9			
511001	1081	100058		1	1000											5	3	3		2019-12-01 00:00:00	2035-01-01 00:00:00							1	1	99	4			
511002	1081	100028		1	1000											5	3	3		2019-12-01 00:00:00	2035-01-01 00:00:00							1	1	99	4			
511003	1081	101003		1	1500											10	3	3		2019-12-01 00:00:00	2035-01-01 00:00:00							1	1	99	5			
511004	1081	100029		1	1000											5	3	3		2019-12-01 00:00:00	2035-01-01 00:00:00							1	1	99	4			
512001	1082	100025		1	1000											5	3	3		2019-12-01 00:00:00	2035-01-01 00:00:00							1	1	99	4			
512002	1082	100057		1	1000											5	3	3		2019-12-01 00:00:00	2035-01-01 00:00:00							1	1	99	4			
512003	1082	100034		1	1000											5	3	3		2019-12-01 00:00:00	2035-01-01 00:00:00							1	1	99	4			
512004	1082	100031		1	1000											5	3	3		2019-12-01 00:00:00	2035-01-01 00:00:00							1	1	99	4			
512005	1082	101205		1	1000											5	3	3		2019-12-01 00:00:00	2035-01-01 00:00:00		9		1204209		1	1	1	99	4			
512006	1082	101207		1	1000											5	3	3		2019-12-01 00:00:00	2035-01-01 00:00:00		9		1204209		1	1	1	99	4			
513001	1083	110014		1	540											10	2	1		2019-12-01 00:00:00	2035-01-01 00:00:00							1	1	99	7			
513002	1083	110006		1	450											10	2	1		2019-12-01 00:00:00	2035-01-01 00:00:00							1	1	99	7			
513003	1083	100075		1	60											100	3	1		2019-12-01 00:00:00	2035-01-01 00:00:00							1	1	99	3			
513004	1083	100077		1	80											100	3	1		2019-12-01 00:00:00	2035-01-01 00:00:00							1	1	99	3			
513005	1083	110004		1	270											10	2	1		2019-12-01 00:00:00	2035-01-01 00:00:00							1	1	99	7			
513006	1083	110009		1	420											10	2	1		2019-12-01 00:00:00	2035-01-01 00:00:00							1	1	99	7			
514001	1084	108408		1	5550											2	3	1		2019-12-01 00:00:00	2035-01-01 00:00:00							1	1	99	9			
514002	1084	108404		1	1650											2	3	1		2019-12-01 00:00:00	2035-01-01 00:00:00							1	1	99	10			
514003	1084	101213		1	1000											5	3	3		2019-12-01 00:00:00	2035-01-01 00:00:00							1	1	99	4			
514004	1084	100061		1	240											10	3	1		2019-12-01 00:00:00	2035-01-01 00:00:00							1	1	99	6			
514005	1084	100064		1	240											10	3	1		2019-12-01 00:00:00	2035-01-01 00:00:00							1	1	99	6			
514006	1084	100062		1	200											10	3	3		2019-12-01 00:00:00	2035-01-01 00:00:00							1	1	99	5			
514007	1084	110014		1	540											10	2	1		2019-12-01 00:00:00	2035-01-01 00:00:00							1	1	99	7			
515001	1085	101213		1	1000											5	3	3		2019-12-01 00:00:00	2035-01-01 00:00:00							1	1	99	4			
515002	1085	101217		1	1000											5	3	3		2019-12-01 00:00:00	2035-01-01 00:00:00							1	1	99	4			
515003	1085	100002		1	170											10	3	3		2019-12-01 00:00:00	2035-01-01 00:00:00							1	1	99	5			
515004	1085	101216		1	240											10	3	3		2019-12-01 00:00:00	2035-01-01 00:00:00							1	1	99	5			
515005	1085	101218		1	240											10	3	3		2019-12-01 00:00:00	2035-01-01 00:00:00							1	1	99	5			
516001	1086	221019		1				101832	1							1				2019-12-01 00:00:00	2035-01-01 00:00:00	1						1	1	99	1			
516002	1086	221020		1				101832	1							1				2019-12-01 00:00:00	2035-01-01 00:00:00	1						1	1	99	1			
516003	1086	221021		1				101832	1							1				2019-12-01 00:00:00	2035-01-01 00:00:00	1						1	1	99	1			
516004	1086	221022		1				101832	1							1				2019-12-01 00:00:00	2035-01-01 00:00:00	1						1	1	99	1			
516005	1086	221023		1				101832	1							1				2019-12-01 00:00:00	2035-01-01 00:00:00	1						1	1	99	1			
517001	1087	109512		1	5000											1	0	0		2019-12-01 00:00:00	2035-01-01 00:00:00							1	1	99	13			
517002	1087	109513		1	5000											1	0	0		2019-12-01 00:00:00	2035-01-01 00:00:00							1	1	99	13			
517003	1087	109514		1	5000											1	0	0		2019-12-01 00:00:00	2035-01-01 00:00:00							1	1	99	13			
517004	1087	108452		1	6225											2	3	1		2019-12-01 00:00:00	2035-01-01 00:00:00							1	1	99	9			
517005	1087	108455		1	6600											2	3	1		2019-12-01 00:00:00	2035-01-01 00:00:00							1	1	99	9			
517006	1087	108458		1	6525											2	3	1		2019-12-01 00:00:00	2035-01-01 00:00:00							1	1	99	9			
517007	1087	109517		1	2500											1				2019-12-01 00:00:00	2035-01-01 00:00:00							1	1	99	14			
518001	1088	109515		1	2500											1	0	0		2019-12-01 00:00:00	2035-01-01 00:00:00							1	1	99	14			
518002	1088	108461		1	1925											2	3	1		2019-12-01 00:00:00	2035-01-01 00:00:00							1	1	99	10			
518003	1088	108455		1	6600											2	3	1		2019-12-01 00:00:00	2035-01-01 00:00:00							1	1	99	9			
518004	1088	101212		1	280											10	3	3		2019-12-01 00:00:00	2035-01-01 00:00:00							1	1	99	5			
518005	1088	101221		1	240											10	3	3		2019-12-01 00:00:00	2035-01-01 00:00:00							1	1	99	5			
518006	1088	100096		1	120											100	3	1		2019-12-01 00:00:00	2035-01-01 00:00:00							1	1	99	3			
518007	1088	101218		1	280											10	3	3		2019-12-01 00:00:00	2035-01-01 00:00:00							1	1	99	5			
518008	1088	110001		1	180											10	2	1		2019-12-01 00:00:00	2035-01-01 00:00:00							1	1	99	7			
518009	1088	100084		1	280											10	3	1		2019-12-01 00:00:00	2035-01-01 00:00:00							1	1	99	6			
518010	1088	100061		1	280											10	3	1		2019-12-01 00:00:00	2035-01-01 00:00:00							1	1	99	6			
518011	1088	110014		1	630											10	2	1		2019-12-01 00:00:00	2035-01-01 00:00:00							1	1	99	7			
518012	1088	110006		1	530											10	2	1		2019-12-01 00:00:00	2035-01-01 00:00:00							1	1	99	7			
1042001	1042	108215		1	380											20				2019-12-23 00:00:00	2035-02-28 00:00:00							1	1	99	1			
1042002	1042	108216		1	2025											15				2019-12-23 00:00:00	2035-02-28 00:00:00							1	1	99	1			
1042003	1042	108217		1	1550											15				2019-12-23 00:00:00	2035-02-28 00:00:00							1	1	99	1			
1042004	1042	108218		1	1775											15				2019-12-23 00:00:00	2035-02-28 00:00:00							1	1	99	1			
1042005	1042	108219		1	2150											15				2019-12-23 00:00:00	2035-02-28 00:00:00							1	1	99	1			
1042006	1042	108220		1	6225											10				2019-12-23 00:00:00	2035-02-28 00:00:00							1	1	99	1			
1042007	1042	108221		1	7050											10				2019-12-23 00:00:00	2035-02-28 00:00:00							1	1	99	1			
1045001	1045	100080		1	150											100	3	1		2019-12-23 00:00:00	2035-02-28 00:00:00							1	1	99	1			
1045002	1045	110006		1	450											10	2	1		2019-12-23 00:00:00	2035-02-28 00:00:00							1	1	99	1			
1045003	1045	110009		1	420											10	2	1		2019-12-23 00:00:00	2035-02-28 00:00:00							1	1	99	1			
1045004	1045	100058		1	1500											5	3	3		2019-12-23 00:00:00	2035-02-28 00:00:00							1	1	99	1			
1045005	1045	100054		1	1500											5	3	3		2019-12-23 00:00:00	2035-02-28 00:00:00							1	1	99	1			
1046001	1046	100001		1	240											10	3	3		2019-12-23 00:00:00	2035-02-28 00:00:00							1	1	99	1			
1046002	1046	100002		1	170											10	3	3		2019-12-23 00:00:00	2035-02-28 00:00:00							1	1	99	1			
1046003	1046	100084		1	240											10	3	3		2019-12-23 00:00:00	2035-02-28 00:00:00							1	1	99	1			
1046004	1046	100033		1	1000											5	3	3		2019-12-23 00:00:00	2035-02-28 00:00:00							1	1	99	1			
1047001	1047	220044		1	150000											1				2019-12-23 00:00:00	2035-02-28 00:00:00							1	1	99	1			
1050001	1050	393114		1	50000											1				2019-12-23 00:00:00	2035-02-28 00:00:00							1	1	99	10			
1050002	1050	350028		1	50000											1				2019-12-23 00:00:00	2035-02-28 00:00:00							1	1	99	10			
1050003	1050	350030		1	50000											1				2019-12-23 00:00:00	2035-02-28 00:00:00							1	1	99	10			
1052001	31001	109516		1	5000											1				2019-12-23 00:00:00	2035-02-28 00:00:00							1	1	99	13			
1052002	31001	108464		1	6450											2	3	1		2019-12-23 00:00:00	2035-02-28 00:00:00							1	1	99	12			
1052003	31001	108149		1	1500											2	3	1		2019-12-23 00:00:00	2035-02-28 00:00:00							1	1	99	10			
1052004	31001	108150		1	1500											2	3	1		2019-12-23 00:00:00	2035-02-28 00:00:00							1	1	99	10			
1052005	31001	108151		1	1500											2	3	1		2019-12-23 00:00:00	2035-02-28 00:00:00							1	1	99	10			
1052006	31001	108469		1	1500											2	3	1		2019-12-23 00:00:00	2035-02-28 00:00:00							1	1	99	11			
